 atom reference_number  X_aver(frac)   Y_aver(frac)   Z_aver(frac)
         1             0.3729167      0.3737612      0.3793712
         2             0.3308696      0.1239206      0.1203508
         3            -0.0016011      0.0036456     -0.0012678
         4             0.4997597      0.4960555      0.5009688
         5             0.6274010      0.6275452      0.6197341
         6             0.6738118      0.8747227      0.8791821
         7             0.3733289      0.8727229      0.8793712
         8             0.4157861      0.1289198      0.6204394
         9             0.7515760      0.2481319      0.4993097
        10             0.2489427      0.7520312     -0.0001220
        11             0.6277333      0.1269478      0.1198490
        12             0.5804789      0.8718715      0.3794397
        13             0.2510838      0.7466126      0.4991052
        14             0.7495221      0.2500794      0.0001013
        15             0.8726073      0.8751770      0.3809248
        16             0.9147991      0.6297316      0.6209997
        17             0.2508821      0.5006241      0.7505553
        18             0.7486943     -0.0003401      0.2500919
        19             0.1276329      0.1276348      0.6192503
        20             0.0808865      0.3725673      0.3787566
        21             0.7505005      0.5005529      0.2500355
        22             0.2486693     -0.0013758      0.7499321
        23             0.8722442      0.3739717      0.8814483
        24             0.8318716      0.6228324      0.1203290
        25             0.5015032      0.7510130      0.2471604
        26            -0.0005205      0.2491093      0.7516180
        27             0.1277148      0.6278356      0.1201254
        28             0.1735444      0.3753733      0.8788479
        29             0.5011027      0.2507542      0.7482274
        30            -0.0013244      0.7492331      0.2514648
        31             0.1263616      0.3265089      0.1250121
        32             0.8771254      0.6716004      0.8731031
        33             0.6209789      0.4219828      0.1255287
        34             0.3771685      0.5837834      0.8748946
        35             0.6215892      0.9210978      0.6259798
        36             0.3774457      0.0832150      0.3743689
        37             0.1256740      0.8256025      0.6253882
        38             0.8772512      0.1727577      0.3729592
        39             0.1261897      0.1224141      0.3334447
        40             0.8740178      0.8781901      0.6694559
        41             0.1291388      0.6238496      0.4109050
        42             0.8718868      0.3760490      0.5851476
        43             0.6292988      0.6228748      0.9116186
        44             0.3711898      0.3765038      0.0845150
        45             0.6254542      0.1226837      0.8326758
        46             0.3738700      0.8782519      0.1689359
        47             0.8774564      0.5830013      0.3745523
        48             0.1224173      0.4230093      0.6257811
        49             0.3773019      0.1718475      0.8722027
        50             0.6262072      0.8269333      0.1247175
        51             0.1737538      0.8750895      0.3804529
        52             0.8313566      0.1239195      0.6211429
        53             0.5812254      0.3720839      0.8791509
        54             0.4159046      0.6292052      0.1201360
        55             0.8741868      0.3781225      0.1686981
        56             0.1258443      0.6227171      0.8322324
        57             0.3717641      0.8758257      0.5843205
        58             0.6289573      0.1242621      0.4126545
        59             0.3318404      0.6227818      0.6198320
        60            -0.0005086      0.5039753      0.4985604
        61             0.4991004     -0.0030956      0.0021150
        62             0.6740465      0.3756031      0.3792572
        63             0.7514580      0.7472142     -0.0008582
        64             0.2491786      0.2507928      0.4994940
        65             0.2515915      0.2480734     -0.0009354
        66             0.7488449      0.7518284      0.5001240
        67             0.9149307      0.1292774      0.1208498
        68             0.2509461      0.0001214      0.2507600
        69             0.7493869      0.4996984      0.7495535
        70             0.0790911      0.8733990      0.8788870
        71             0.7498692      0.0007970      0.7501309
        72             0.2491217      0.4999191      0.2489869
        73             0.1291397      0.1235245      0.9123400
        74             0.8714189      0.8758831      0.0842366
        75             0.6256924      0.6225137      0.3324795
        76             0.3743612      0.3787688      0.6693787
        77             0.8770856      0.0836660      0.8739839
        78             0.1224522      0.9219984      0.1252379
        79             0.3773195      0.6716615      0.3731312
        80             0.6256117      0.3254957      0.6251368
        81             0.4992652      0.0032105      0.4986385
        82            -0.0007195      0.4984030      0.0008085
        83             0.0002294      0.7503492      0.7475721
        84             0.4990278      0.2494818      0.2508120
        85             0.0009982      0.2500579      0.2478761
        86             0.4991849      0.7477074      0.7526179
        87             0.4984777      0.5031520     -0.0010711
        88            -0.0010115     -0.0027768      0.5025120

 Atom reference number= 1
      X         Y        Z          Average Cartesian coordinates (A) 
   3.74138   3.74985   3.80614

                  Uij (A^2)
   2.55321916E-02  -2.33864542E-02  -4.25905501E-03
  -2.33864542E-02   5.44411354E-02  -1.79144499E-05
  -4.25905501E-03  -1.79144499E-05   5.03917076E-02


 Atom reference number= 2
      X         Y        Z          Average Cartesian coordinates (A) 
   3.31953   1.24326   1.20745

                  Uij (A^2)
   3.82768363E-02  -5.55765256E-03  -3.24678794E-03
  -5.55765256E-03   1.88017171E-02   3.02757369E-03
  -3.24678794E-03   3.02757369E-03   1.58648994E-02


 Atom reference number= 3
      X         Y        Z          Average Cartesian coordinates (A) 
  -0.01606   0.03658  -0.01272

                  Uij (A^2)
   1.47229126E-02  -1.62524520E-03  -3.83831537E-03
  -1.62524520E-03   2.03140862E-02  -1.28906476E-03
  -3.83831537E-03  -1.28906476E-03   1.72580630E-02


 Atom reference number= 4
      X         Y        Z          Average Cartesian coordinates (A) 
   5.01396   4.97680   5.02610

                  Uij (A^2)
   1.78007539E-02  -1.45705650E-02  -9.40122735E-03
  -1.45705650E-02   4.67954390E-02  -1.18379220E-02
  -9.40122735E-03  -1.18379220E-02   6.13570958E-02


 Atom reference number= 5
      X         Y        Z          Average Cartesian coordinates (A) 
   6.29456   6.29600   6.21764

                  Uij (A^2)
   2.83983331E-02  -2.27564014E-02  -5.82616078E-03
  -2.27564014E-02   6.49462044E-02   2.72427540E-04
  -5.82616078E-03   2.72427540E-04   6.05986565E-02


 Atom reference number= 6
      X         Y        Z          Average Cartesian coordinates (A) 
   6.76019   8.77587   8.82061

                  Uij (A^2)
   4.36495245E-02  -5.95197594E-03  -4.76476923E-03
  -5.95197594E-03   2.35387702E-02   4.99910209E-03
  -4.76476923E-03   4.99910209E-03   2.32908726E-02


 Atom reference number= 7
      X         Y        Z          Average Cartesian coordinates (A) 
   3.74552   8.75581   8.82251

                  Uij (A^2)
   2.45925803E-02  -1.58762578E-02  -6.17667974E-04
  -1.58762578E-02   4.34538238E-02   9.47009015E-04
  -6.17667974E-04   9.47009015E-04   5.76020367E-02


 Atom reference number= 8
      X         Y        Z          Average Cartesian coordinates (A) 
   4.17148   1.29342   6.22471

                  Uij (A^2)
   3.77549119E-02  -1.27058066E-02  -2.06040480E-04
  -1.27058066E-02   2.33337469E-02  -5.32307429E-03
  -2.06040480E-04  -5.32307429E-03   2.13791709E-02


 Atom reference number= 9
      X         Y        Z          Average Cartesian coordinates (A) 
   7.54037   2.48944   5.00945

                  Uij (A^2)
   9.37390607E-03  -1.50350749E-03  -2.36637052E-03
  -1.50350749E-03   1.71295255E-02   7.49644023E-05
  -2.36637052E-03   7.49644023E-05   1.61756314E-02


 Atom reference number=10
      X         Y        Z          Average Cartesian coordinates (A) 
   2.49758   7.54494  -0.00122

                  Uij (A^2)
   3.31232660E-02  -3.19805481E-02   1.03599066E-03
  -3.19805481E-02   6.89443722E-02  -8.31734668E-03
   1.03599066E-03  -8.31734668E-03   4.76652645E-02


 Atom reference number=11
      X         Y        Z          Average Cartesian coordinates (A) 
   6.29789   1.27364   1.20242

                  Uij (A^2)
   2.30273250E-02  -1.80075336E-02  -8.84206127E-03
  -1.80075336E-02   4.75536399E-02   6.17364328E-03
  -8.84206127E-03   6.17364328E-03   5.04654087E-02


 Atom reference number=12
      X         Y        Z          Average Cartesian coordinates (A) 
   5.82380   8.74727   3.80682

                  Uij (A^2)
   3.27423550E-02  -1.45698274E-02  -8.51002405E-04
  -1.45698274E-02   2.49241367E-02  -6.29612617E-03
  -8.51002405E-04  -6.29612617E-03   2.14120019E-02


 Atom reference number=13
      X         Y        Z          Average Cartesian coordinates (A) 
   2.51906   7.49058   5.00740

                  Uij (A^2)
   1.10486420E-02  -2.66604056E-03  -2.70505529E-03
  -2.66604056E-03   1.72189455E-02  -6.19488244E-04
  -2.70505529E-03  -6.19488244E-04   1.75176263E-02


 Atom reference number=14
      X         Y        Z          Average Cartesian coordinates (A) 
   7.51977   2.50898   0.00102

                  Uij (A^2)
   3.81715149E-02  -3.73869054E-02   1.15260086E-03
  -3.73869054E-02   7.85700753E-02  -8.60599428E-03
   1.15260086E-03  -8.60599428E-03   5.20119332E-02


 Atom reference number=15
      X         Y        Z          Average Cartesian coordinates (A) 
   8.75465   8.78043   3.82172

                  Uij (A^2)
   2.98179034E-02  -1.60859879E-02  -5.79448650E-03
  -1.60859879E-02   4.41166461E-02  -2.37719418E-04
  -5.79448650E-03  -2.37719418E-04   4.36831824E-02


 Atom reference number=16
      X         Y        Z          Average Cartesian coordinates (A) 
   9.17795   6.31794   6.23033

                  Uij (A^2)
   3.24313082E-02  -1.22863222E-02  -1.34422432E-03
  -1.22863222E-02   2.02027410E-02  -4.31272853E-03
  -1.34422432E-03  -4.31272853E-03   1.83631591E-02


 Atom reference number=17
      X         Y        Z          Average Cartesian coordinates (A) 
   2.51704   5.02264   7.53013

                  Uij (A^2)
   1.12934336E-02  -1.09386072E-03   1.01414497E-03
  -1.09386072E-03   1.61924083E-02  -4.07759845E-03
   1.01414497E-03  -4.07759845E-03   1.22286929E-02


 Atom reference number=18
      X         Y        Z          Average Cartesian coordinates (A) 
   7.51146  -0.00341   2.50911

                  Uij (A^2)
   2.11647693E-02  -1.24005070E-02  -1.44835133E-02
  -1.24005070E-02   4.46206108E-02   1.14796106E-02
  -1.44835133E-02   1.14796106E-02   5.22414520E-02


 Atom reference number=19
      X         Y        Z          Average Cartesian coordinates (A) 
   1.28051   1.28053   6.21278

                  Uij (A^2)
   2.11110599E-02  -1.75020732E-02  -2.95075960E-03
  -1.75020732E-02   5.40069118E-02  -3.87379457E-03
  -2.95075960E-03  -3.87379457E-03   4.85713072E-02


 Atom reference number=20
      X         Y        Z          Average Cartesian coordinates (A) 
   0.81151   3.73787   3.79997

                  Uij (A^2)
   3.40760276E-02  -1.46234650E-02  -4.25320119E-03
  -1.46234650E-02   2.22290624E-02  -3.33157531E-03
  -4.25320119E-03  -3.33157531E-03   2.09646896E-02


 Atom reference number=21
      X         Y        Z          Average Cartesian coordinates (A) 
   7.52958   5.02192   2.50854

                  Uij (A^2)
   7.69759808E-03  -1.01757026E-03   1.59759622E-03
  -1.01757026E-03   1.35889947E-02  -2.99974857E-03
   1.59759622E-03  -2.99974857E-03   9.95026156E-03


 Atom reference number=22
      X         Y        Z          Average Cartesian coordinates (A) 
   2.49484  -0.01380   7.52388

                  Uij (A^2)
   2.17131265E-02  -1.20464331E-02  -1.61811896E-02
  -1.20464331E-02   4.60598506E-02   9.24421847E-03
  -1.61811896E-02   9.24421847E-03   4.90119383E-02


 Atom reference number=23
      X         Y        Z          Average Cartesian coordinates (A) 
   8.75101   3.75196   8.84335

                  Uij (A^2)
   2.92327050E-02  -2.29780674E-02  -8.76041502E-03
  -2.29780674E-02   5.05546927E-02   7.50822527E-03
  -8.76041502E-03   7.50822527E-03   6.21752590E-02


 Atom reference number=24
      X         Y        Z          Average Cartesian coordinates (A) 
   8.34596   6.24872   1.20723

                  Uij (A^2)
   3.40601541E-02  -6.20949594E-03  -5.94870327E-03
  -6.20949594E-03   1.75776910E-02   5.32198418E-03
  -5.94870327E-03   5.32198418E-03   1.86069980E-02


 Atom reference number=25
      X         Y        Z          Average Cartesian coordinates (A) 
   5.03146   7.53473   2.47970

                  Uij (A^2)
   4.76907194E-02  -4.57182899E-03  -5.43677527E-03
  -4.57182899E-03   1.40440352E-02  -1.30035216E-03
  -5.43677527E-03  -1.30035216E-03   1.44416988E-02


 Atom reference number=26
      X         Y        Z          Average Cartesian coordinates (A) 
  -0.00522   2.49925   7.54080

                  Uij (A^2)
   2.68976931E-02  -7.03815091E-03   8.86154536E-04
  -7.03815091E-03   3.82198244E-02  -2.48168577E-02
   8.86154536E-04  -2.48168577E-02   7.06351101E-02


 Atom reference number=27
      X         Y        Z          Average Cartesian coordinates (A) 
   1.28133   6.29892   1.20519

                  Uij (A^2)
   2.29932517E-02  -2.00874861E-02  -7.35347904E-03
  -2.00874861E-02   5.85075878E-02   1.05528105E-02
  -7.35347904E-03   1.05528105E-02   5.37341610E-02


 Atom reference number=28
      X         Y        Z          Average Cartesian coordinates (A) 
   1.74113   3.76603   8.81726

                  Uij (A^2)
   4.26880531E-02  -3.70803638E-03  -8.97664670E-03
  -3.70803638E-03   2.58097351E-02   5.88922109E-03
  -8.97664670E-03   5.88922109E-03   2.45103221E-02


 Atom reference number=29
      X         Y        Z          Average Cartesian coordinates (A) 
   5.02744   2.51575   7.50678

                  Uij (A^2)
   5.60976677E-02  -7.48218736E-03  -2.23936251E-04
  -7.48218736E-03   1.55678317E-02  -1.20067364E-03
  -2.23936251E-04  -1.20067364E-03   1.33351032E-02


 Atom reference number=30
      X         Y        Z          Average Cartesian coordinates (A) 
  -0.01329   7.51687   2.52288

                  Uij (A^2)
   2.51147542E-02  -6.04179827E-03  -1.28112617E-03
  -6.04179827E-03   5.43595664E-02  -2.45673358E-02
  -1.28112617E-03  -2.45673358E-02   5.80609441E-02


 Atom reference number=31
      X         Y        Z          Average Cartesian coordinates (A) 
   1.26775   3.27578   1.25422

                  Uij (A^2)
   9.54636093E-03  -3.47464625E-03   2.03416217E-04
  -3.47464625E-03   7.14761242E-02  -5.18956874E-03
   2.03416217E-04  -5.18956874E-03   2.08418202E-02


 Atom reference number=32
      X         Y        Z          Average Cartesian coordinates (A) 
   8.79998   6.73800   8.75963

                  Uij (A^2)
   7.62100937E-03  -6.68589305E-03  -6.38587982E-04
  -6.68589305E-03   5.34913912E-02  -5.54372510E-03
  -6.38587982E-04  -5.54372510E-03   1.92669481E-02


 Atom reference number=33
      X         Y        Z          Average Cartesian coordinates (A) 
   6.23013   4.23365   1.25940

                  Uij (A^2)
   3.07288487E-02  -1.22779491E-03  -6.06570067E-03
  -1.22779491E-03   5.65443598E-02   2.74284673E-03
  -6.06570067E-03   2.74284673E-03   2.41622571E-02


 Atom reference number=34
      X         Y        Z          Average Cartesian coordinates (A) 
   3.78404   5.85695   8.77760

                  Uij (A^2)
   2.37943791E-02  -1.75749685E-03  -4.84226411E-03
  -1.75749685E-03   4.68804464E-02   9.97919240E-04
  -4.84226411E-03   9.97919240E-04   1.90187190E-02


 Atom reference number=35
      X         Y        Z          Average Cartesian coordinates (A) 
   6.23625   9.24114   6.28030

                  Uij (A^2)
   2.76347492E-02  -3.00395885E-03  -3.34336841E-03
  -3.00395885E-03   5.46458736E-02  -8.81790183E-04
  -3.34336841E-03  -8.81790183E-04   2.39353143E-02


 Atom reference number=36
      X         Y        Z          Average Cartesian coordinates (A) 
   3.78682   0.83487   3.75595

                  Uij (A^2)
   2.60166042E-02  -7.48945773E-03  -8.63567181E-03
  -7.48945773E-03   3.54482718E-02   2.01172847E-03
  -8.63567181E-03   2.01172847E-03   2.03138143E-02


 Atom reference number=37
      X         Y        Z          Average Cartesian coordinates (A) 
   1.26086   8.28306   6.27436

                  Uij (A^2)
   1.06315119E-02  -6.13751821E-03   5.23063136E-05
  -6.13751821E-03   8.78215432E-02   5.85400965E-03
   5.23063136E-05   5.85400965E-03   2.33264174E-02


 Atom reference number=38
      X         Y        Z          Average Cartesian coordinates (A) 
   8.80124   1.73324   3.74181

                  Uij (A^2)
   8.09245277E-03  -5.43074869E-03  -2.64323177E-03
  -5.43074869E-03   7.20776692E-02  -6.99557830E-03
  -2.64323177E-03  -6.99557830E-03   2.14571189E-02


 Atom reference number=39
      X         Y        Z          Average Cartesian coordinates (A) 
   1.26603   1.22815   3.34537

                  Uij (A^2)
   1.17000630E-02  -6.15065265E-03   7.33189052E-03
  -6.15065265E-03   1.29143624E-02  -9.17103700E-03
   7.33189052E-03  -9.17103700E-03   3.38024236E-02


 Atom reference number=40
      X         Y        Z          Average Cartesian coordinates (A) 
   8.76880   8.81066   6.71648

                  Uij (A^2)
   1.17992479E-02  -3.74104897E-03   3.06814397E-03
  -3.74104897E-03   1.22597385E-02  -2.53322069E-03
   3.06814397E-03  -2.53322069E-03   3.66749056E-02


 Atom reference number=41
      X         Y        Z          Average Cartesian coordinates (A) 
   1.29562   6.25893   4.12251

                  Uij (A^2)
   1.37109766E-02  -1.00360680E-02  -3.58885224E-03
  -1.00360680E-02   1.99593399E-02  -1.21064810E-03
  -3.58885224E-03  -1.21064810E-03   6.82177991E-02


 Atom reference number=42
      X         Y        Z          Average Cartesian coordinates (A) 
   8.74742   3.77281   5.87064

                  Uij (A^2)
   1.65340211E-02  -4.14346904E-03  -3.19783762E-03
  -4.14346904E-03   1.97345112E-02  -5.84504101E-03
  -3.19783762E-03  -5.84504101E-03   7.70537555E-02


 Atom reference number=43
      X         Y        Z          Average Cartesian coordinates (A) 
   6.31360   6.24915   9.14604

                  Uij (A^2)
   1.57115050E-02  -8.81794374E-03   1.97598198E-03
  -8.81794374E-03   1.80699266E-02  -4.53474885E-03
   1.97598198E-03  -4.53474885E-03   6.28772974E-02


 Atom reference number=44
      X         Y        Z          Average Cartesian coordinates (A) 
   3.72405   3.77737   0.84792

                  Uij (A^2)
   1.54179493E-02  -6.18923223E-03  -3.28823109E-03
  -6.18923223E-03   1.75084490E-02  -1.97016867E-03
  -3.28823109E-03  -1.97016867E-03   7.14016110E-02


 Atom reference number=45
      X         Y        Z          Average Cartesian coordinates (A) 
   6.27503   1.23086   8.35403

                  Uij (A^2)
   9.55885928E-03  -3.24885431E-03   2.88870907E-03
  -3.24885431E-03   1.02661373E-02  -3.80807184E-03
   2.88870907E-03  -3.80807184E-03   3.59892324E-02


 Atom reference number=46
      X         Y        Z          Average Cartesian coordinates (A) 
   3.75094   8.81128   1.69489

                  Uij (A^2)
   1.01149036E-02  -2.99173547E-03   4.29056259E-03
  -2.99173547E-03   1.28827458E-02  -7.39445211E-03
   4.29056259E-03  -7.39445211E-03   3.00756115E-02


 Atom reference number=47
      X         Y        Z          Average Cartesian coordinates (A) 
   8.80330   5.84911   3.75779

                  Uij (A^2)
   2.22804733E-02  -3.90012865E-03  -5.50773507E-03
  -3.90012865E-03   4.35549021E-02  -5.16334490E-04
  -5.50773507E-03  -5.16334490E-04   2.10908372E-02


 Atom reference number=48
      X         Y        Z          Average Cartesian coordinates (A) 
   1.22818   4.24395   6.27831

                  Uij (A^2)
   3.10517270E-02  -6.05610712E-03  -6.20169379E-03
  -6.05610712E-03   6.82537779E-02   1.21908099E-03
  -6.20169379E-03   1.21908099E-03   2.64430046E-02


 Atom reference number=49
      X         Y        Z          Average Cartesian coordinates (A) 
   3.78538   1.72410   8.75059

                  Uij (A^2)
   7.24426098E-03  -7.95320608E-03  -6.83135004E-04
  -7.95320608E-03   5.74773550E-02  -5.80603071E-03
  -6.83135004E-04  -5.80603071E-03   1.76524594E-02


 Atom reference number=50
      X         Y        Z          Average Cartesian coordinates (A) 
   6.28258   8.29642   1.25126

                  Uij (A^2)
   9.82057862E-03  -2.39527156E-03  -1.49829104E-03
  -2.39527156E-03   8.08297992E-02  -5.56561048E-04
  -1.49829104E-03  -5.56561048E-04   2.09952164E-02


 Atom reference number=51
      X         Y        Z          Average Cartesian coordinates (A) 
   1.74323   8.77955   3.81699

                  Uij (A^2)
   4.70121875E-02  -5.04796486E-03  -3.56826512E-03
  -5.04796486E-03   2.46651843E-02   7.98532646E-03
  -3.56826512E-03   7.98532646E-03   2.53430661E-02


 Atom reference number=52
      X         Y        Z          Average Cartesian coordinates (A) 
   8.34079   1.24325   6.23177

                  Uij (A^2)
   3.79856303E-02  -8.01112782E-03  -4.10151901E-03
  -8.01112782E-03   1.79426055E-02   3.33153782E-03
  -4.10151901E-03   3.33153782E-03   1.74100604E-02


 Atom reference number=53
      X         Y        Z          Average Cartesian coordinates (A) 
   5.83129   3.73303   8.82030

                  Uij (A^2)
   3.75280567E-02  -1.36241391E-02  -5.19622490E-03
  -1.36241391E-02   1.95574053E-02  -4.41849884E-03
  -5.19622490E-03  -4.41849884E-03   2.31470242E-02


 Atom reference number=54
      X         Y        Z          Average Cartesian coordinates (A) 
   4.17267   6.31266   1.20529

                  Uij (A^2)
   2.45327018E-02  -9.71591100E-03   1.62852427E-03
  -9.71591100E-03   1.77510716E-02  -5.10345399E-03
   1.62852427E-03  -5.10345399E-03   1.86394528E-02


 Atom reference number=55
      X         Y        Z          Average Cartesian coordinates (A) 
   8.77050   3.79361   1.69251

                  Uij (A^2)
   1.23767238E-02  -2.94671836E-03   5.34631032E-03
  -2.94671836E-03   1.23756323E-02  -6.19566208E-03
   5.34631032E-03  -6.19566208E-03   3.48659419E-02


 Atom reference number=56
      X         Y        Z          Average Cartesian coordinates (A) 
   1.26256   6.24757   8.34958

                  Uij (A^2)
   1.04439165E-02  -3.43834213E-03   5.96847991E-03
  -3.43834213E-03   1.12992870E-02  -6.29402278E-03
   5.96847991E-03  -6.29402278E-03   3.33388336E-02


 Atom reference number=57
      X         Y        Z          Average Cartesian coordinates (A) 
   3.72982   8.78694   5.86234

                  Uij (A^2)
   1.64147634E-02  -6.51541213E-03  -3.08770384E-03
  -6.51541213E-03   2.02204194E-02  -3.44584952E-03
  -3.08770384E-03  -3.44584952E-03   7.18830079E-02


 Atom reference number=58
      X         Y        Z          Average Cartesian coordinates (A) 
   6.31017   1.24669   4.14006

                  Uij (A^2)
   1.47994719E-02  -7.21703749E-03   3.04987421E-03
  -7.21703749E-03   1.78213958E-02  -4.38159658E-03
   3.04987421E-03  -4.38159658E-03   6.86303675E-02


 Atom reference number=59
      X         Y        Z          Average Cartesian coordinates (A) 
   3.32927   6.24821   6.21862

                  Uij (A^2)
   3.28401588E-02  -2.95176497E-03  -1.55809440E-03
  -2.95176497E-03   1.66185275E-02   2.97493720E-03
  -1.55809440E-03   2.97493720E-03   1.59033481E-02


 Atom reference number=60
      X         Y        Z          Average Cartesian coordinates (A) 
  -0.00510   5.05626   5.00193

                  Uij (A^2)
   1.35368509E-02  -3.10851191E-03  -2.10157339E-03
  -3.10851191E-03   2.06755195E-02  -6.90521556E-04
  -2.10157339E-03  -6.90521556E-04   1.87306292E-02


 Atom reference number=61
      X         Y        Z          Average Cartesian coordinates (A) 
   5.00735  -0.03106   0.02122

                  Uij (A^2)
   2.03326326E-02  -1.65878013E-02  -8.09105486E-03
  -1.65878013E-02   5.30037805E-02  -1.54926926E-02
  -8.09105486E-03  -1.54926926E-02   6.36362880E-02


 Atom reference number=62
      X         Y        Z          Average Cartesian coordinates (A) 
   6.76254   3.76833   3.80499

                  Uij (A^2)
   4.20863591E-02  -2.52649910E-03  -6.33944385E-03
  -2.52649910E-03   2.63488516E-02   8.36390629E-03
  -6.33944385E-03   8.36390629E-03   2.22068280E-02


 Atom reference number=63
      X         Y        Z          Average Cartesian coordinates (A) 
   7.53919   7.49661  -0.00861

                  Uij (A^2)
   1.07137626E-02  -1.32265489E-03  -2.08794000E-03
  -1.32265489E-03   1.67731959E-02   4.17882286E-04
  -2.08794000E-03   4.17882286E-04   1.54274162E-02


 Atom reference number=64
      X         Y        Z          Average Cartesian coordinates (A) 
   2.49995   2.51614   5.01130

                  Uij (A^2)
   4.40837033E-02  -4.17804644E-02  -4.44373721E-03
  -4.17804644E-02   7.71857575E-02  -9.62627586E-04
  -4.44373721E-03  -9.62627586E-04   5.56247197E-02


 Atom reference number=65
      X         Y        Z          Average Cartesian coordinates (A) 
   2.52415   2.48886  -0.00938

                  Uij (A^2)
   8.86471663E-03  -2.23508826E-03  -1.13001454E-03
  -2.23508826E-03   1.41104022E-02   2.23410869E-04
  -1.13001454E-03   2.23410869E-04   1.43818501E-02


 Atom reference number=66
      X         Y        Z          Average Cartesian coordinates (A) 
   7.51297   7.54291   5.01762

                  Uij (A^2)
   3.97871025E-02  -3.56023237E-02  -2.23731855E-03
  -3.56023237E-02   6.84612766E-02  -7.15298951E-03
  -2.23731855E-03  -7.15298951E-03   5.71903214E-02


 Atom reference number=67
      X         Y        Z          Average Cartesian coordinates (A) 
   9.17927   1.29701   1.21246

                  Uij (A^2)
   3.79344523E-02  -1.37057742E-02   2.45648692E-03
  -1.37057742E-02   2.42341608E-02  -6.19226834E-03
   2.45648692E-03  -6.19226834E-03   1.93407405E-02


 Atom reference number=68
      X         Y        Z          Average Cartesian coordinates (A) 
   2.51768   0.00122   2.51581

                  Uij (A^2)
   1.09560387E-02  -1.21266884E-03  -6.31901901E-04
  -1.21266884E-03   1.38080325E-02  -3.65218846E-03
  -6.31901901E-04  -3.65218846E-03   1.21624945E-02


 Atom reference number=69
      X         Y        Z          Average Cartesian coordinates (A) 
   7.51841   5.01335   7.52008

                  Uij (A^2)
   1.96196903E-02  -9.22253355E-03  -1.42374858E-02
  -9.22253355E-03   3.89501005E-02   2.50458741E-03
  -1.42374858E-02   2.50458741E-03   4.91250306E-02


 Atom reference number=70
      X         Y        Z          Average Cartesian coordinates (A) 
   0.79350   8.76259   8.81765

                  Uij (A^2)
   3.65840569E-02  -1.25610288E-02  -3.33217508E-03
  -1.25610288E-02   1.99163705E-02  -3.15854535E-03
  -3.33217508E-03  -3.15854535E-03   2.01475155E-02


 Atom reference number=71
      X         Y        Z          Average Cartesian coordinates (A) 
   7.52325   0.00800   7.52588

                  Uij (A^2)
   9.48332716E-03  -4.02031559E-03  -2.34835854E-04
  -4.02031559E-03   1.87735334E-02  -5.28207701E-03
  -2.34835854E-04  -5.28207701E-03   1.17129451E-02


 Atom reference number=72
      X         Y        Z          Average Cartesian coordinates (A) 
   2.49938   5.01556   2.49802

                  Uij (A^2)
   2.27353852E-02  -1.74258370E-02  -1.82071552E-02
  -1.74258370E-02   5.66753224E-02   7.68855494E-03
  -1.82071552E-02   7.68855494E-03   5.27037829E-02


 Atom reference number=73
      X         Y        Z          Average Cartesian coordinates (A) 
   1.29563   1.23929   9.15328

                  Uij (A^2)
   1.45053184E-02  -7.94428773E-03   2.53295037E-03
  -7.94428773E-03   1.74960382E-02  -6.25773426E-03
   2.53295037E-03  -6.25773426E-03   6.48441911E-02


 Atom reference number=74
      X         Y        Z          Average Cartesian coordinates (A) 
   8.74273   8.78752   0.84512

                  Uij (A^2)
   1.48871215E-02  -4.28129034E-03  -3.84498434E-03
  -4.28129034E-03   2.16012876E-02  -2.39459868E-03
  -3.84498434E-03  -2.39459868E-03   6.96487054E-02


 Atom reference number=75
      X         Y        Z          Average Cartesian coordinates (A) 
   6.27742   6.24552   3.33568

                  Uij (A^2)
   1.07888216E-02  -3.10786534E-03   6.36778725E-03
  -3.10786534E-03   1.23097869E-02  -4.99382894E-03
   6.36778725E-03  -4.99382894E-03   2.78785396E-02


 Atom reference number=76
      X         Y        Z          Average Cartesian coordinates (A) 
   3.75587   3.80009   6.71571

                  Uij (A^2)
   1.29357493E-02  -3.88841704E-03   1.06155816E-02
  -3.88841704E-03   1.52072776E-02  -5.47006307E-03
   1.06155816E-02  -5.47006307E-03   4.91022654E-02


 Atom reference number=77
      X         Y        Z          Average Cartesian coordinates (A) 
   8.79958   0.83940   8.76846

                  Uij (A^2)
   2.60916203E-02  -3.84216709E-03  -9.01456457E-03
  -3.84216709E-03   4.24623452E-02   2.66290415E-04
  -9.01456457E-03   2.66290415E-04   2.23988723E-02


 Atom reference number=78
      X         Y        Z          Average Cartesian coordinates (A) 
   1.22853   9.25018   1.25648

                  Uij (A^2)
   2.66325437E-02  -1.51802658E-03  -3.72604001E-03
  -1.51802658E-03   5.33478931E-02   1.28476392E-03
  -3.72604001E-03   1.28476392E-03   2.07036044E-02


 Atom reference number=79
      X         Y        Z          Average Cartesian coordinates (A) 
   3.78555   6.73861   3.74353

                  Uij (A^2)
   8.52578133E-03  -7.35931983E-03  -2.85583519E-04
  -7.35931983E-03   6.19423687E-02  -8.17593094E-03
  -2.85583519E-04  -8.17593094E-03   1.88566223E-02


 Atom reference number=80
      X         Y        Z          Average Cartesian coordinates (A) 
   6.27661   3.26562   6.27184

                  Uij (A^2)
   1.03999050E-02  -3.21522425E-03  -4.37348062E-04
  -3.21522425E-03   6.88006952E-02   1.88335267E-04
  -4.37348062E-04   1.88335267E-04   2.35333350E-02


 Atom reference number=81
      X         Y        Z          Average Cartesian coordinates (A) 
   5.00900   0.03221   5.00272

                  Uij (A^2)
   1.18606947E-02  -2.63660355E-03  -3.56900110E-03
  -2.63660355E-03   1.75188817E-02  -1.64013903E-03
  -3.56900110E-03  -1.64013903E-03   1.79782342E-02


 Atom reference number=82
      X         Y        Z          Average Cartesian coordinates (A) 
  -0.00722   5.00035   0.00811

                  Uij (A^2)
   1.97796635E-02  -1.70999784E-02  -1.04090320E-02
  -1.70999784E-02   5.68605922E-02  -7.49133248E-03
  -1.04090320E-02  -7.49133248E-03   7.05855340E-02


 Atom reference number=83
      X         Y        Z          Average Cartesian coordinates (A) 
   0.00230   7.52807   7.50020

                  Uij (A^2)
   4.91447970E-02  -6.77194912E-03  -2.50043790E-03
  -6.77194912E-03   1.59789082E-02   3.15011566E-04
  -2.50043790E-03   3.15011566E-04   1.33547280E-02


 Atom reference number=84
      X         Y        Z          Average Cartesian coordinates (A) 
   5.00662   2.50299   2.51633

                  Uij (A^2)
   2.39724442E-02  -6.85590366E-03   1.02251850E-03
  -6.85590366E-03   4.82164398E-02  -1.78781487E-02
   1.02251850E-03  -1.78781487E-02   5.03076166E-02


 Atom reference number=85
      X         Y        Z          Average Cartesian coordinates (A) 
   0.01001   2.50877   2.48688

                  Uij (A^2)
   5.61980903E-02  -5.78580936E-03  -6.19744183E-03
  -5.78580936E-03   1.92776956E-02  -9.15256736E-04
  -6.19744183E-03  -9.15256736E-04   1.40328249E-02


 Atom reference number=86
      X         Y        Z          Average Cartesian coordinates (A) 
   5.00820   7.50156   7.55083

                  Uij (A^2)
   2.98268888E-02  -8.30369163E-03   3.23407142E-03
  -8.30369163E-03   5.29386923E-02  -2.39598937E-02
   3.23407142E-03  -2.39598937E-02   5.93048073E-02


 Atom reference number=87
      X         Y        Z          Average Cartesian coordinates (A) 
   5.00110   5.04800  -0.01075

                  Uij (A^2)
   1.32885510E-02  -3.13124503E-03  -2.72125518E-03
  -3.13124503E-03   1.81375276E-02  -1.16064015E-03
  -2.72125518E-03  -1.16064015E-03   2.09813211E-02


 Atom reference number=88
      X         Y        Z          Average Cartesian coordinates (A) 
  -0.01015  -0.02786   5.04158

                  Uij (A^2)
   2.25723665E-02  -1.82993654E-02  -1.04062464E-02
  -1.82993654E-02   5.98085150E-02  -1.53456749E-02
  -1.04062464E-02  -1.53456749E-02   6.75816312E-02

