 atom reference_number  X_aver(frac)   Y_aver(frac)   Z_aver(frac)
         1             0.4998106      0.5004765      0.4999965
         2            -0.0000372     -0.0003326     -0.0000878
         3             0.3384873      0.1248301      0.1246556
         4             0.3752004      0.3747794      0.3746447
         5             0.6617931      0.8749633      0.8751719
         6             0.6250685      0.6245569      0.6247360
         7             0.2500665      0.7498944      0.0000069
         8             0.7503591      0.2500517      0.5000451
         9             0.4115746      0.1249063      0.6252192
        10             0.3749161      0.8747916      0.8746348
        11             0.7497551      0.2502697      0.0000515
        12             0.2497995      0.7503820      0.4999683
        13             0.5889700      0.8753781      0.3746173
        14             0.6249533      0.1246249      0.1248534
        15             0.7503055      0.0000086      0.2503980
        16             0.2500722      0.4998810      0.7498781
        17             0.9116310      0.6247404      0.6247357
        18             0.8749566      0.8745949      0.3750400
        19             0.2500187      0.0003210      0.7500527
        20             0.7499207      0.4999108      0.2499870
        21             0.0884940      0.3750112      0.3748606
        22             0.1251121      0.1248950      0.6249082
        23             0.0002223      0.2497593      0.7504864
        24             0.5003158      0.7499383      0.2498191
        25             0.8386197      0.6250157      0.1248925
        26             0.8752612      0.3745946      0.8751270
        27            -0.0001055      0.7503105      0.2501461
        28             0.5000625      0.2503835      0.7501525
        29             0.1614050      0.3747023      0.8749743
        30             0.1252250      0.6245475      0.1246747
        31             0.1248865      0.3388852      0.1248036
        32             0.8750914      0.6615291      0.8751298
        33             0.6251924      0.4115791      0.1246398
        34             0.3750688      0.5887948      0.8746925
        35             0.6247640      0.9114382      0.6252488
        36             0.3748035      0.0886412      0.3751197
        37             0.1246717      0.8388933      0.6247232
        38             0.8748311      0.1616743      0.3749324
        39             0.1250492      0.1246965      0.3387381
        40             0.8749342      0.8751269      0.6616822
        41             0.1250264      0.6246963      0.4111439
        42             0.8748603      0.3751337      0.5884215
        43             0.6250658      0.6245867      0.9111797
        44             0.3750048      0.3746928      0.0883889
        45             0.6251151      0.1249362      0.8387230
        46             0.3748159      0.8749196      0.1616463
        47             0.8747758      0.5883871      0.3747585
        48             0.1252254      0.4113765      0.6244320
        49             0.3751091      0.1619832      0.8747798
        50             0.6249874      0.8388493      0.1252100
        51             0.1612713      0.8748806      0.3746405
        52             0.8388160      0.1247642      0.6249095
        53             0.5888541      0.3753581      0.8748131
        54             0.4117340      0.6247901      0.1249890
        55             0.8748683      0.3748143      0.1615570
        56             0.1251975      0.6248579      0.8384110
        57             0.3751192      0.8752633      0.5887398
        58             0.6251540      0.1249784      0.4115953
        59             0.4996302     -0.0000368      0.0000918
        60             0.0000089      0.4999030      0.5003195
        61             0.3384940      0.6247709      0.6245470
        62             0.6615944      0.3747348      0.3750233
        63             0.2502232      0.2502146      0.5002958
        64             0.7499243      0.7497567     -0.0001778
        65             0.7499239      0.7499880      0.5000142
        66             0.2499548      0.2499103      0.0001007
        67             0.7504872      0.5003549      0.7499285
        68             0.2501184      0.0001100      0.2498765
        69             0.9115410      0.1247098      0.1250004
        70             0.2498893      0.5002478      0.2503980
        71             0.7499162     -0.0001614      0.7500715
        72             0.0882628      0.8748586      0.8748398
        73             0.1251387      0.1249087      0.9117622
        74             0.8749434      0.8745477      0.0888093
        75             0.6249784      0.6246635      0.3387080
        76             0.3750576      0.3749468      0.6609739
        77             0.8751440      0.0886382      0.8750576
        78             0.1250593      0.9114215      0.1252324
        79             0.3747234      0.6620063      0.3747404
        80             0.6251917      0.3385569      0.6250907
        81            -0.0000028      0.5001527      0.0001386
        82             0.5000720      0.0000775      0.5001481
        83             0.5001360      0.2501277      0.2501614
        84             0.0001617      0.7496107      0.7497725
        85             0.4996034      0.7499878      0.7498517
        86             0.0000091      0.2498864      0.2498764
        87             0.0000739      0.0000387      0.5000506
        88             0.4998279      0.4997321     -0.0001857

 Atom reference number= 1
      X         Y        Z          Average Cartesian coordinates (A) 
   5.14839   5.15525   5.15031

                  Uij (A^2)
   6.75490871E-03  -2.28021108E-03  -1.44442555E-03
  -2.28021108E-03   8.22114665E-03  -6.38788100E-04
  -1.44442555E-03  -6.38788100E-04   1.05748270E-02


 Atom reference number= 2
      X         Y        Z          Average Cartesian coordinates (A) 
  -0.00038  -0.00343  -0.00090

                  Uij (A^2)
   3.38209188E-03  -1.35795120E-03  -4.21141856E-04
  -1.35795120E-03   4.81287669E-03  -4.58002440E-04
  -4.21141856E-04  -4.58002440E-04   5.03601087E-03


 Atom reference number= 3
      X         Y        Z          Average Cartesian coordinates (A) 
   3.48665   1.28584   1.28404

                  Uij (A^2)
   9.23379418E-03  -3.91035021E-04  -6.33139513E-04
  -3.91035021E-04   7.48631032E-03   2.88158376E-03
  -6.33139513E-04   2.88158376E-03   8.50262865E-03


 Atom reference number= 4
      X         Y        Z          Average Cartesian coordinates (A) 
   3.86482   3.86049   3.85910

                  Uij (A^2)
   7.58613274E-03  -4.87658108E-04  -4.45547339E-04
  -4.87658108E-04   6.99738180E-03   2.07610996E-04
  -4.45547339E-04   2.07610996E-04   7.51615688E-03


 Atom reference number= 5
      X         Y        Z          Average Cartesian coordinates (A) 
   6.81693   9.01273   9.01487

                  Uij (A^2)
   8.89310613E-03  -3.68693087E-04  -3.14406003E-04
  -3.68693087E-04   8.03017337E-03   2.80996994E-03
  -3.14406003E-04   2.80996994E-03   8.70778225E-03


 Atom reference number= 6
      X         Y        Z          Average Cartesian coordinates (A) 
   6.43864   6.43337   6.43521

                  Uij (A^2)
   5.57895238E-03  -2.92200275E-04  -7.68427853E-04
  -2.92200275E-04   6.40549418E-03   4.08048159E-04
  -7.68427853E-04   4.08048159E-04   7.89911859E-03


 Atom reference number= 7
      X         Y        Z          Average Cartesian coordinates (A) 
   2.57586   7.72443   0.00007

                  Uij (A^2)
   7.05557130E-03  -1.98105443E-03   3.92190384E-04
  -1.98105443E-03   8.65890086E-03   6.27560075E-04
   3.92190384E-04   6.27560075E-04   9.85203777E-03


 Atom reference number= 8
      X         Y        Z          Average Cartesian coordinates (A) 
   7.72922   2.57571   5.15081

                  Uij (A^2)
   3.28260753E-03  -1.05867442E-03  -1.17292831E-04
  -1.05867442E-03   4.35054302E-03   4.58332157E-04
  -1.17292831E-04   4.58332157E-04   4.90324432E-03


 Atom reference number= 9
      X         Y        Z          Average Cartesian coordinates (A) 
   4.23950   1.28662   6.44019

                  Uij (A^2)
   8.58583581E-03  -2.91205244E-04  -9.74664654E-05
  -2.91205244E-04   7.65632885E-03  -2.59243813E-03
  -9.74664654E-05  -2.59243813E-03   8.37259181E-03


 Atom reference number=10
      X         Y        Z          Average Cartesian coordinates (A) 
   3.86189   9.01096   9.00934

                  Uij (A^2)
   6.48444612E-03  -4.64516546E-04  -8.22021510E-04
  -4.64516546E-04   6.91732718E-03  -1.28809610E-04
  -8.22021510E-04  -1.28809610E-04   7.50351325E-03


 Atom reference number=11
      X         Y        Z          Average Cartesian coordinates (A) 
   7.72299   2.57795   0.00053

                  Uij (A^2)
   5.88561269E-03  -1.79244648E-03   6.21946587E-04
  -1.79244648E-03   9.46126971E-03   1.11695332E-03
   6.21946587E-04   1.11695332E-03   9.14527290E-03


 Atom reference number=12
      X         Y        Z          Average Cartesian coordinates (A) 
   2.57311   7.72945   5.15002

                  Uij (A^2)
   3.11804260E-03  -1.03214453E-03   4.81025236E-05
  -1.03214453E-03   4.38825693E-03   6.31914416E-04
   4.81025236E-05   6.31914416E-04   5.48137166E-03


 Atom reference number=13
      X         Y        Z          Average Cartesian coordinates (A) 
   6.06680   9.01700   3.85882

                  Uij (A^2)
   8.29219166E-03  -8.60906381E-04   2.77011481E-04
  -8.60906381E-04   8.41620192E-03  -2.78420327E-03
   2.77011481E-04  -2.78420327E-03   7.75220478E-03


 Atom reference number=14
      X         Y        Z          Average Cartesian coordinates (A) 
   6.43745   1.28372   1.28608

                  Uij (A^2)
   5.98820206E-03  -2.44682396E-05  -1.23531543E-04
  -2.44682396E-05   6.38278853E-03   7.67420788E-05
  -1.23531543E-04   7.67420788E-05   7.41182826E-03


 Atom reference number=15
      X         Y        Z          Average Cartesian coordinates (A) 
   7.72866   0.00009   2.57927

                  Uij (A^2)
   6.01472007E-03  -3.26012494E-04  -9.28531692E-04
  -3.26012494E-04   8.79967399E-03   1.50208909E-03
  -9.28531692E-04   1.50208909E-03   9.71706770E-03


 Atom reference number=16
      X         Y        Z          Average Cartesian coordinates (A) 
   2.57592   5.14912   7.72426

                  Uij (A^2)
   3.31970886E-03  -6.54460571E-04  -1.01189199E-03
  -6.54460571E-04   4.26292000E-03   2.45697855E-04
  -1.01189199E-03   2.45697855E-04   5.56117529E-03


 Atom reference number=17
      X         Y        Z          Average Cartesian coordinates (A) 
   9.39043   6.43526   6.43521

                  Uij (A^2)
   8.72740895E-03  -5.73264086E-04  -2.15284570E-04
  -5.73264086E-04   7.81664345E-03  -1.68223632E-03
  -2.15284570E-04  -1.68223632E-03   8.52516945E-03


 Atom reference number=18
      X         Y        Z          Average Cartesian coordinates (A) 
   9.01266   9.00893   3.86317

                  Uij (A^2)
   7.29749119E-03  -7.18366122E-04  -8.65630864E-04
  -7.18366122E-04   7.20922090E-03   8.00267269E-04
  -8.65630864E-04   8.00267269E-04   7.54639832E-03


 Atom reference number=19
      X         Y        Z          Average Cartesian coordinates (A) 
   2.57537   0.00331   7.72606

                  Uij (A^2)
   6.39781216E-03   3.08218063E-04  -1.67322007E-03
   3.08218063E-04   8.94246995E-03   2.83002475E-04
  -1.67322007E-03   2.83002475E-04   9.64959431E-03


 Atom reference number=20
      X         Y        Z          Average Cartesian coordinates (A) 
   7.72470   5.14943   2.57504

                  Uij (A^2)
   3.24380654E-03  -4.86235367E-04  -5.80831664E-04
  -4.86235367E-04   4.22941055E-03   5.30668010E-04
  -5.80831664E-04   5.30668010E-04   5.13135595E-03


 Atom reference number=21
      X         Y        Z          Average Cartesian coordinates (A) 
   0.91155   3.86287   3.86132

                  Uij (A^2)
   9.41471476E-03  -5.23310911E-04  -6.26131194E-04
  -5.23310911E-04   7.24227773E-03  -2.75067403E-03
  -6.26131194E-04  -2.75067403E-03   8.16218834E-03


 Atom reference number=22
      X         Y        Z          Average Cartesian coordinates (A) 
   1.28874   1.28651   6.43699

                  Uij (A^2)
   5.96704986E-03  -9.50541289E-05  -4.89350874E-04
  -9.50541289E-05   7.19097909E-03   5.03528936E-05
  -4.89350874E-04   5.03528936E-05   6.59737177E-03


 Atom reference number=23
      X         Y        Z          Average Cartesian coordinates (A) 
   0.00229   2.57269   7.73053

                  Uij (A^2)
   5.26933465E-03  -1.01853293E-04   9.06703499E-05
  -1.01853293E-04   7.77195999E-03  -5.30130637E-04
   9.06703499E-05  -5.30130637E-04   1.09062837E-02


 Atom reference number=24
      X         Y        Z          Average Cartesian coordinates (A) 
   5.15360   7.72488   2.57331

                  Uij (A^2)
   3.62978107E-03  -4.81921132E-04   1.17622454E-04
  -4.81921132E-04   4.41124709E-03  -3.54939577E-04
   1.17622454E-04  -3.54939577E-04   4.55533713E-03


 Atom reference number=25
      X         Y        Z          Average Cartesian coordinates (A) 
   8.63836   6.43809   1.28648

                  Uij (A^2)
   7.81369023E-03  -6.56437478E-04  -1.89256272E-04
  -6.56437478E-04   9.00200382E-03   3.86192393E-03
  -1.89256272E-04   3.86192393E-03   8.61139782E-03


 Atom reference number=26
      X         Y        Z          Average Cartesian coordinates (A) 
   9.01579   3.85858   9.01441

                  Uij (A^2)
   7.13259354E-03  -1.11445982E-03  -2.49624107E-04
  -1.11445982E-03   7.58965733E-03   1.29804801E-04
  -2.49624107E-04   1.29804801E-04   8.72948021E-03


 Atom reference number=27
      X         Y        Z          Average Cartesian coordinates (A) 
  -0.00109   7.72872   2.57668

                  Uij (A^2)
   6.33995514E-03  -8.87021772E-04   1.89437487E-04
  -8.87021772E-04   9.42673534E-03  -9.09324095E-04
   1.89437487E-04  -9.09324095E-04   9.68677830E-03


 Atom reference number=28
      X         Y        Z          Average Cartesian coordinates (A) 
   5.15099   2.57912   7.72709

                  Uij (A^2)
   3.15867248E-03  -4.32136090E-04  -6.98045114E-05
  -4.32136090E-04   4.68283240E-03  -2.70601595E-04
  -6.98045114E-05  -2.70601595E-04   4.81685624E-03


 Atom reference number=29
      X         Y        Z          Average Cartesian coordinates (A) 
   1.66258   3.85969   9.01284

                  Uij (A^2)
   8.77006724E-03  -4.99617192E-04  -7.68483878E-05
  -4.99617192E-04   7.55861169E-03   2.98001175E-03
  -7.68483878E-05   2.98001175E-03   7.77158933E-03


 Atom reference number=30
      X         Y        Z          Average Cartesian coordinates (A) 
   1.28990   6.43327   1.28424

                  Uij (A^2)
   5.98392403E-03  -5.36206411E-04  -2.70390738E-04
  -5.36206411E-04   7.03799166E-03  -4.98768941E-06
  -2.70390738E-04  -4.98768941E-06   7.89075810E-03


 Atom reference number=31
      X         Y        Z          Average Cartesian coordinates (A) 
   1.28642   3.49075   1.28556

                  Uij (A^2)
   7.44321523E-03  -6.24111679E-04   2.75541819E-03
  -6.24111679E-04   1.00234188E-02   3.99098761E-04
   2.75541819E-03   3.99098761E-04   7.44022243E-03


 Atom reference number=32
      X         Y        Z          Average Cartesian coordinates (A) 
   9.01405   6.81421   9.01444

                  Uij (A^2)
   6.81240810E-03  -3.25259170E-04   2.45862431E-03
  -3.25259170E-04   9.19448212E-03   4.70972242E-04
   2.45862431E-03   4.70972242E-04   8.21653660E-03


 Atom reference number=33
      X         Y        Z          Average Cartesian coordinates (A) 
   6.43991   4.23955   1.28388

                  Uij (A^2)
   6.71049440E-03  -2.79381638E-04  -3.04445764E-03
  -2.79381638E-04   1.01702437E-02   3.22865148E-04
  -3.04445764E-03   3.22865148E-04   8.30760878E-03


 Atom reference number=34
      X         Y        Z          Average Cartesian coordinates (A) 
   3.86347   6.06499   9.00994

                  Uij (A^2)
   6.54633949E-03  -4.15668939E-04  -3.62325646E-03
  -4.15668939E-04   9.01840534E-03   3.95056966E-04
  -3.62325646E-03   3.95056966E-04   8.46683141E-03


 Atom reference number=35
      X         Y        Z          Average Cartesian coordinates (A) 
   6.43550   9.38844   6.44049

                  Uij (A^2)
   7.57825049E-03  -6.47994748E-04  -3.06197954E-03
  -6.47994748E-04   1.01651521E-02   1.78617440E-04
  -3.06197954E-03   1.78617440E-04   8.71640351E-03


 Atom reference number=36
      X         Y        Z          Average Cartesian coordinates (A) 
   3.86073   0.91307   3.86399

                  Uij (A^2)
   6.91773137E-03  -1.34029993E-04  -3.02963681E-03
  -1.34029993E-04   8.74574669E-03   3.72602371E-04
  -3.02963681E-03   3.72602371E-04   8.24132748E-03


 Atom reference number=37
      X         Y        Z          Average Cartesian coordinates (A) 
   1.28420   8.64118   6.43508

                  Uij (A^2)
   6.68952474E-03  -6.64673862E-04   1.49870059E-03
  -6.64673862E-04   1.01575432E-02   7.22927798E-04
   1.49870059E-03   7.22927798E-04   7.53561873E-03


 Atom reference number=38
      X         Y        Z          Average Cartesian coordinates (A) 
   9.01136   1.66536   3.86206

                  Uij (A^2)
   6.41260389E-03  -3.68983950E-04   2.17210315E-03
  -3.68983950E-04   9.12369136E-03   5.62965928E-04
   2.17210315E-03   5.62965928E-04   7.23252585E-03


 Atom reference number=39
      X         Y        Z          Average Cartesian coordinates (A) 
   1.28809   1.28446   3.48924

                  Uij (A^2)
   7.01315608E-03   2.11550132E-03  -5.86465350E-04
   2.11550132E-03   7.84274098E-03   1.41456447E-04
  -5.86465350E-04   1.41456447E-04   9.40172747E-03


 Atom reference number=40
      X         Y        Z          Average Cartesian coordinates (A) 
   9.01243   9.01441   6.81578

                  Uij (A^2)
   6.45588618E-03   1.94820075E-03   1.05661129E-04
   1.94820075E-03   7.99207203E-03   3.70408990E-04
   1.05661129E-04   3.70408990E-04   9.82679706E-03


 Atom reference number=41
      X         Y        Z          Average Cartesian coordinates (A) 
   1.28786   6.43480   4.23507

                  Uij (A^2)
   6.62995409E-03  -2.94910301E-03  -2.66066399E-05
  -2.94910301E-03   8.19429569E-03   2.60046247E-04
  -2.66066399E-05   2.60046247E-04   1.01809353E-02


 Atom reference number=42
      X         Y        Z          Average Cartesian coordinates (A) 
   9.01166   3.86414   6.06115

                  Uij (A^2)
   6.77652517E-03  -2.64909049E-03  -1.93540880E-04
  -2.64909049E-03   7.19382940E-03  -5.55893348E-04
  -1.93540880E-04  -5.55893348E-04   9.83470958E-03


 Atom reference number=43
      X         Y        Z          Average Cartesian coordinates (A) 
   6.43861   6.43367   9.38578

                  Uij (A^2)
   6.78842887E-03  -3.31632490E-03  -8.05213422E-05
  -3.31632490E-03   8.04954860E-03   4.18797368E-04
  -8.05213422E-05   4.18797368E-04   9.94985085E-03


 Atom reference number=44
      X         Y        Z          Average Cartesian coordinates (A) 
   3.86281   3.85959   0.91047

                  Uij (A^2)
   6.73840661E-03  -3.25530674E-03  -3.28169030E-04
  -3.25530674E-03   7.27920514E-03   8.30667792E-04
  -3.28169030E-04   8.30667792E-04   9.69985779E-03


 Atom reference number=45
      X         Y        Z          Average Cartesian coordinates (A) 
   6.43912   1.28693   8.63943

                  Uij (A^2)
   6.93327747E-03   2.06850190E-03  -6.31258299E-04
   2.06850190E-03   7.33490475E-03  -1.31054738E-04
  -6.31258299E-04  -1.31054738E-04   9.33456142E-03


 Atom reference number=46
      X         Y        Z          Average Cartesian coordinates (A) 
   3.86086   9.01228   1.66507

                  Uij (A^2)
   6.84503140E-03   1.96666503E-03  -5.75732956E-05
   1.96666503E-03   7.79838767E-03   7.12404726E-04
  -5.75732956E-05   7.12404726E-04   9.10173822E-03


 Atom reference number=47
      X         Y        Z          Average Cartesian coordinates (A) 
   9.01079   6.06079   3.86027

                  Uij (A^2)
   6.89024944E-03  -5.31914411E-04  -3.04904440E-03
  -5.31914411E-04   9.06773284E-03   4.74913890E-04
  -3.04904440E-03   4.74913890E-04   8.50129221E-03


 Atom reference number=48
      X         Y        Z          Average Cartesian coordinates (A) 
   1.28991   4.23746   6.43208

                  Uij (A^2)
   6.94408314E-03  -6.60756836E-04  -2.93068751E-03
  -6.60756836E-04   1.01217218E-02   4.97892370E-06
  -2.93068751E-03   4.97892370E-06   8.17112159E-03


 Atom reference number=49
      X         Y        Z          Average Cartesian coordinates (A) 
   3.86388   1.66854   9.01084

                  Uij (A^2)
   7.29014026E-03  -3.57353965E-05   1.90822443E-03
  -3.57353965E-05   8.70888308E-03   2.05009390E-04
   1.90822443E-03   2.05009390E-04   8.04007426E-03


 Atom reference number=50
      X         Y        Z          Average Cartesian coordinates (A) 
   6.43780   8.64073   1.28975

                  Uij (A^2)
   6.86206017E-03  -6.74601528E-04   2.08453368E-03
  -6.74601528E-04   8.61661974E-03   3.53116251E-04
   2.08453368E-03   3.53116251E-04   8.55060201E-03


 Atom reference number=51
      X         Y        Z          Average Cartesian coordinates (A) 
   1.66121   9.01187   3.85906

                  Uij (A^2)
   8.29137024E-03  -4.35707130E-04  -2.27441851E-04
  -4.35707130E-04   7.96696264E-03   2.55402713E-03
  -2.27441851E-04   2.55402713E-03   8.37359671E-03


 Atom reference number=52
      X         Y        Z          Average Cartesian coordinates (A) 
   8.64038   1.28516   6.43700

                  Uij (A^2)
   7.88285676E-03  -4.89370897E-04  -2.63637223E-04
  -4.89370897E-04   8.30995850E-03   3.57831130E-03
  -2.63637223E-04   3.57831130E-03   8.61780252E-03


 Atom reference number=53
      X         Y        Z          Average Cartesian coordinates (A) 
   6.06560   3.86645   9.01118

                  Uij (A^2)
   9.11065284E-03  -5.12253377E-04  -8.74674122E-04
  -5.12253377E-04   7.55262701E-03  -3.14339180E-03
  -8.74674122E-04  -3.14339180E-03   8.31132010E-03


 Atom reference number=54
      X         Y        Z          Average Cartesian coordinates (A) 
   4.24114   6.43577   1.28747

                  Uij (A^2)
   9.23519675E-03  -7.00769946E-04  -1.30931148E-04
  -7.00769946E-04   7.20999017E-03  -2.62722932E-03
  -1.30931148E-04  -2.62722932E-03   8.55312869E-03


 Atom reference number=55
      X         Y        Z          Average Cartesian coordinates (A) 
   9.01175   3.86085   1.66415

                  Uij (A^2)
   6.87770918E-03   2.31604744E-03  -4.46223457E-05
   2.31604744E-03   7.31295487E-03  -1.09620516E-04
  -4.46223457E-05  -1.09620516E-04   1.05778025E-02


 Atom reference number=56
      X         Y        Z          Average Cartesian coordinates (A) 
   1.28962   6.43647   8.63621

                  Uij (A^2)
   6.67676935E-03   2.17418745E-03   1.85877812E-04
   2.17418745E-03   7.79787078E-03   3.30045936E-04
   1.85877812E-04   3.30045936E-04   9.65978391E-03


 Atom reference number=57
      X         Y        Z          Average Cartesian coordinates (A) 
   3.86399   9.01582   6.06443

                  Uij (A^2)
   6.61945622E-03  -3.04717547E-03  -5.69734024E-04
  -3.04717547E-03   7.44389743E-03   3.74157768E-04
  -5.69734024E-04   3.74157768E-04   8.58672243E-03


 Atom reference number=58
      X         Y        Z          Average Cartesian coordinates (A) 
   6.43952   1.28736   4.23972

                  Uij (A^2)
   6.77714311E-03  -3.21042142E-03  -6.26007328E-04
  -3.21042142E-03   7.79213384E-03   1.54950932E-04
  -6.26007328E-04   1.54950932E-04   9.78157483E-03


 Atom reference number=59
      X         Y        Z          Average Cartesian coordinates (A) 
   5.14654  -0.00038   0.00095

                  Uij (A^2)
   6.04023458E-03  -2.23676721E-03  -8.53763544E-04
  -2.23676721E-03   9.55741294E-03  -1.05890946E-03
  -8.53763544E-04  -1.05890946E-03   9.32002161E-03


 Atom reference number=60
      X         Y        Z          Average Cartesian coordinates (A) 
   0.00009   5.14935   5.15364

                  Uij (A^2)
   3.20031354E-03  -1.12190435E-03  -4.88542835E-04
  -1.12190435E-03   4.89264028E-03  -1.97881978E-04
  -4.88542835E-04  -1.97881978E-04   5.09650726E-03


 Atom reference number=61
      X         Y        Z          Average Cartesian coordinates (A) 
   3.48672   6.43557   6.43326

                  Uij (A^2)
   8.82497523E-03  -1.26714399E-03  -4.95623040E-04
  -1.26714399E-03   9.31933708E-03   3.15627479E-03
  -4.95623040E-04   3.15627479E-03   8.55335966E-03


 Atom reference number=62
      X         Y        Z          Average Cartesian coordinates (A) 
   6.81488   3.86003   3.86300

                  Uij (A^2)
   7.45613128E-03  -3.87072505E-04  -2.43839197E-04
  -3.87072505E-04   7.56701455E-03   2.35709082E-03
  -2.43839197E-04   2.35709082E-03   7.96932448E-03


 Atom reference number=63
      X         Y        Z          Average Cartesian coordinates (A) 
   2.57747   2.57738   5.15339

                  Uij (A^2)
   6.46620709E-03  -1.70513114E-03   3.98696720E-04
  -1.70513114E-03   9.74730123E-03   1.27817737E-03
   3.98696720E-04   1.27817737E-03   1.00949556E-02


 Atom reference number=64
      X         Y        Z          Average Cartesian coordinates (A) 
   7.72474   7.72301  -0.00183

                  Uij (A^2)
   3.27418162E-03  -1.13167719E-03  -1.77734694E-06
  -1.13167719E-03   4.78005130E-03   5.75479411E-04
  -1.77734694E-06   5.75479411E-04   5.30483434E-03


 Atom reference number=65
      X         Y        Z          Average Cartesian coordinates (A) 
   7.72473   7.72539   5.15049

                  Uij (A^2)
   6.25483273E-03  -1.77025155E-03   3.16251157E-04
  -1.77025155E-03   8.49365536E-03   1.55090902E-03
   3.16251157E-04   1.55090902E-03   1.02407886E-02


 Atom reference number=66
      X         Y        Z          Average Cartesian coordinates (A) 
   2.57471   2.57425   0.00104

                  Uij (A^2)
   3.54387308E-03  -1.00483687E-03  -1.11444650E-04
  -1.00483687E-03   4.00383770E-03   3.95806070E-04
  -1.11444650E-04   3.95806070E-04   4.77638049E-03


 Atom reference number=67
      X         Y        Z          Average Cartesian coordinates (A) 
   7.73054   5.15400   7.72478

                  Uij (A^2)
   6.44609565E-03  -4.98736976E-04  -1.31266459E-03
  -4.98736976E-04   8.73664953E-03   1.32291776E-03
  -1.31266459E-03   1.32291776E-03   9.50246956E-03


 Atom reference number=68
      X         Y        Z          Average Cartesian coordinates (A) 
   2.57639   0.00113   2.57390

                  Uij (A^2)
   3.36307497E-03  -6.41262042E-04  -7.57820031E-04
  -6.41262042E-04   4.43918165E-03   3.57405981E-04
  -7.57820031E-04   3.57405981E-04   4.91875084E-03


 Atom reference number=69
      X         Y        Z          Average Cartesian coordinates (A) 
   9.38950   1.28460   1.28759

                  Uij (A^2)
   8.39747861E-03  -7.21707358E-04  -5.87105053E-04
  -7.21707358E-04   7.91849755E-03  -2.99695809E-03
  -5.87105053E-04  -2.99695809E-03   9.11989156E-03


 Atom reference number=70
      X         Y        Z          Average Cartesian coordinates (A) 
   2.57403   5.15290   2.57927

                  Uij (A^2)
   6.17022580E-03  -5.02153940E-04  -1.16437091E-03
  -5.02153940E-04   8.88619758E-03   1.51183759E-03
  -1.16437091E-03   1.51183759E-03   9.23468079E-03


 Atom reference number=71
      X         Y        Z          Average Cartesian coordinates (A) 
   7.72465  -0.00166   7.72625

                  Uij (A^2)
   2.83157686E-03  -5.82711247E-04  -5.46156312E-04
  -5.82711247E-04   4.92704054E-03   7.40388583E-04
  -5.46156312E-04   7.40388583E-04   4.88565071E-03


 Atom reference number=72
      X         Y        Z          Average Cartesian coordinates (A) 
   0.90917   9.01165   9.01145

                  Uij (A^2)
   7.79580558E-03  -4.18543263E-04  -4.63013683E-04
  -4.18543263E-04   7.86003191E-03  -3.34656355E-03
  -4.63013683E-04  -3.34656355E-03   8.35058931E-03


 Atom reference number=73
      X         Y        Z          Average Cartesian coordinates (A) 
   1.28902   1.28665   9.39178

                  Uij (A^2)
   6.30690763E-03  -3.54708009E-03  -8.18296321E-05
  -3.54708009E-03   7.99331255E-03  -1.92830223E-04
  -8.18296321E-05  -1.92830223E-04   9.72540863E-03


 Atom reference number=74
      X         Y        Z          Average Cartesian coordinates (A) 
   9.01252   9.00845   0.91480

                  Uij (A^2)
   6.61903201E-03  -3.22602456E-03  -4.63634729E-04
  -3.22602456E-03   7.45320180E-03   4.20558732E-04
  -4.63634729E-04   4.20558732E-04   9.43823066E-03


 Atom reference number=75
      X         Y        Z          Average Cartesian coordinates (A) 
   6.43771   6.43447   3.48893

                  Uij (A^2)
   6.33373996E-03   1.72360113E-03  -3.10004543E-04
   1.72360113E-03   8.03772360E-03  -3.34012700E-04
  -3.10004543E-04  -3.34012700E-04   9.56562068E-03


 Atom reference number=76
      X         Y        Z          Average Cartesian coordinates (A) 
   3.86335   3.86221   6.80849

                  Uij (A^2)
   7.23206159E-03   2.36054999E-03  -6.25293178E-05
   2.36054999E-03   7.20701134E-03   4.44388454E-04
  -6.25293178E-05   4.44388454E-04   9.14709736E-03


 Atom reference number=77
      X         Y        Z          Average Cartesian coordinates (A) 
   9.01459   0.91303   9.01370

                  Uij (A^2)
   6.51060045E-03  -6.10282819E-04  -2.90930644E-03
  -6.10282819E-04   9.70374048E-03   1.48154024E-04
  -2.90930644E-03   1.48154024E-04   7.86632858E-03


 Atom reference number=78
      X         Y        Z          Average Cartesian coordinates (A) 
   1.28820   9.38827   1.28998

                  Uij (A^2)
   6.91059278E-03  -6.59209385E-04  -2.81314412E-03
  -6.59209385E-04   9.75460280E-03   4.41766577E-04
  -2.81314412E-03   4.41766577E-04   8.43866076E-03


 Atom reference number=79
      X         Y        Z          Average Cartesian coordinates (A) 
   3.85991   6.81912   3.86008

                  Uij (A^2)
   6.92683551E-03  -6.39897946E-04   2.82638310E-03
  -6.39897946E-04   8.31657462E-03  -3.09360155E-04
   2.82638310E-03  -3.09360155E-04   8.03474896E-03


 Atom reference number=80
      X         Y        Z          Average Cartesian coordinates (A) 
   6.43991   3.48737   6.43887

                  Uij (A^2)
   7.38026248E-03   4.90009334E-05   2.80693895E-03
   4.90009334E-05   8.07976443E-03   4.09488217E-04
   2.80693895E-03   4.09488217E-04   8.62733833E-03


 Atom reference number=81
      X         Y        Z          Average Cartesian coordinates (A) 
  -0.00003   5.15192   0.00143

                  Uij (A^2)
   6.23165863E-03  -2.25802790E-03  -9.91474953E-04
  -2.25802790E-03   9.07307211E-03  -8.60164349E-04
  -9.91474953E-04  -8.60164349E-04   9.64244548E-03


 Atom reference number=82
      X         Y        Z          Average Cartesian coordinates (A) 
   5.15109   0.00080   5.15187

                  Uij (A^2)
   3.33496695E-03  -1.19047274E-03  -5.75016777E-04
  -1.19047274E-03   5.11543360E-03  -1.89485552E-04
  -5.75016777E-04  -1.89485552E-04   4.70578391E-03


 Atom reference number=83
      X         Y        Z          Average Cartesian coordinates (A) 
   5.15175   2.57649   2.57684

                  Uij (A^2)
   6.24754513E-03  -2.82215973E-04   5.70244156E-04
  -2.82215973E-04   8.57605040E-03  -2.97419232E-04
   5.70244156E-04  -2.97419232E-04   9.47022438E-03


 Atom reference number=84
      X         Y        Z          Average Cartesian coordinates (A) 
   0.00167   7.72151   7.72317

                  Uij (A^2)
   3.35663441E-03  -6.65778411E-04   1.07737062E-04
  -6.65778411E-04   4.58787382E-03  -1.71637308E-04
   1.07737062E-04  -1.71637308E-04   4.45454102E-03


 Atom reference number=85
      X         Y        Z          Average Cartesian coordinates (A) 
   5.14626   7.72539   7.72399

                  Uij (A^2)
   5.90350339E-03  -8.02740629E-04   6.88158907E-04
  -8.02740629E-04   9.17011313E-03   1.51834844E-04
   6.88158907E-04   1.51834844E-04   9.87591036E-03


 Atom reference number=86
      X         Y        Z          Average Cartesian coordinates (A) 
   0.00009   2.57400   2.57390

                  Uij (A^2)
   3.19223222E-03  -5.50589524E-04  -7.12456676E-05
  -5.50589524E-04   4.28945711E-03  -1.85459008E-04
  -7.12456676E-05  -1.85459008E-04   5.50058763E-03


 Atom reference number=87
      X         Y        Z          Average Cartesian coordinates (A) 
   0.00076   0.00040   5.15087

                  Uij (A^2)
   5.41561097E-03  -1.84471963E-03  -1.21472706E-03
  -1.84471963E-03   9.06024035E-03  -1.25684391E-03
  -1.21472706E-03  -1.25684391E-03   9.65510774E-03


 Atom reference number=88
      X         Y        Z          Average Cartesian coordinates (A) 
   5.14857   5.14759  -0.00191

                  Uij (A^2)
   3.04951402E-03  -9.63019382E-04  -4.39668482E-04
  -9.63019382E-04   4.26040310E-03  -4.79466908E-05
  -4.39668482E-04  -4.79466908E-05   4.54733847E-03

