 atom reference_number  X_aver(frac)   Y_aver(frac)   Z_aver(frac)
         1             0.3741443      0.3752279      0.3752558
         2             0.3349034      0.1236975      0.1242878
         3            -0.0003249      0.0006331     -0.0006939
         4             0.5008805      0.5007374      0.5004617
         5             0.6247093      0.6248747      0.6249679
         6             0.6663244      0.8757552      0.8739583
         7             0.3747668      0.8749112      0.8739674
         8             0.4142275      0.1246016      0.6256472
         9             0.7498829      0.2490148      0.5007762
        10             0.2511172      0.7506393     -0.0001113
        11             0.6243494      0.1251317      0.1260807
        12             0.5843699      0.8759723      0.3744895
        13             0.2490752      0.7496370      0.5005239
        14             0.7498297      0.2499641     -0.0000127
        15             0.8753296      0.8746176      0.3757680
        16             0.9140918      0.6242558      0.6255087
        17             0.2496342      0.4999791      0.7493186
        18             0.7517803      0.0004922      0.2507674
        19             0.1254923      0.1247980      0.6249210
        20             0.0834823      0.3757515      0.3743743
        21             0.7494640      0.5011199      0.2499570
        22             0.2512791      0.0002401      0.7505880
        23             0.8759056      0.3746064      0.8747770
        24             0.8358256      0.6248614      0.1254527
        25             0.5009028      0.7494231      0.2488533
        26            -0.0006253      0.2484585      0.7490388
        27             0.1261530      0.6252441      0.1248785
        28             0.1656693      0.3744315      0.8743122
        29             0.4993250      0.2502785      0.7492672
        30            -0.0001260      0.7497874      0.2503263
        31             0.1253966      0.3355687      0.1255158
        32             0.8755306      0.6641511      0.8745431
        33             0.6255326      0.4137349      0.1242588
        34             0.3748155      0.5848818      0.8751566
        35             0.6245023      0.9136807      0.6242300
        36             0.3747948      0.0848440      0.3744561
        37             0.1253518      0.8360149      0.6246866
        38             0.8757431      0.1646124      0.3753609
        39             0.1251510      0.1251712      0.3339274
        40             0.8755702      0.8750113      0.6659237
        41             0.1245542      0.6253735      0.4143633
        42             0.8754923      0.3739222      0.5846384
        43             0.6250416      0.6240881      0.9152385
        44             0.3751680      0.3742507      0.0854283
        45             0.6240917      0.1253774      0.8346300
        46             0.3751003      0.8756453      0.1656429
        47             0.8749643      0.5852843      0.3751353
        48             0.1254449      0.4140177      0.6244428
        49             0.3752693      0.1648612      0.8747311
        50             0.6255049      0.8364881      0.1248020
        51             0.1660139      0.8743904      0.3738739
        52             0.8357256      0.1242542      0.6250847
        53             0.5841722      0.3758214      0.8751373
        54             0.4151726      0.6243895      0.1253685
        55             0.8762285      0.3752873      0.1654626
        56             0.1254065      0.6248144      0.8349941
        57             0.3757364      0.8751254      0.5844656
        58             0.6248192      0.1248425      0.4135862
        59             0.3359982      0.6246634      0.6252917
        60             0.0006706      0.5013937      0.5004554
        61             0.5002877     -0.0005948     -0.0012406
        62             0.6656698      0.3756671      0.3744417
        63             0.7503910      0.7502364      0.0007674
        64             0.2497367      0.2500619      0.4989907
        65             0.2500246      0.2496320      0.0004904
        66             0.7494558      0.7501394      0.5005479
        67             0.9146377      0.1254439      0.1255671
        68             0.2493841      0.0008231      0.2492294
        69             0.7505259      0.5006859      0.7510586
        70             0.0854269      0.8758312      0.8751019
        71             0.7503270     -0.0000073      0.7505714
        72             0.2501731      0.5008731      0.2504588
        73             0.1245140      0.1250170      0.9137455
        74             0.8769757      0.8745144      0.0873670
        75             0.6252452      0.6260948      0.3356756
        76             0.3755691      0.3761186      0.6652681
        77             0.8744021      0.0853859      0.8749330
        78             0.1246824      0.9129323      0.1254490
        79             0.3758466      0.6650008      0.3755125
        80             0.6252331      0.3364294      0.6256026
        81             0.5001181      0.0013202      0.4999842
        82             0.0005020      0.5001984     -0.0006798
        83            -0.0001854      0.7502117      0.7496010
        84             0.4992762      0.2485036      0.2494658
        85             0.0001359      0.2495008      0.2491495
        86             0.4992647      0.7498999      0.7506575
        87             0.5000840      0.5007402     -0.0005876
        88             0.0006253     -0.0000374      0.4996827

 Atom reference number= 1
      X         Y        Z          Average Cartesian coordinates (A) 
   3.77223   3.78315   3.78343

                  Uij (A^2)
   2.91111004E-02   6.77513657E-03   4.42411937E-03
   6.77513657E-03   4.65864576E-02  -5.03044343E-04
   4.42411937E-03  -5.03044343E-04   3.32133658E-02


 Atom reference number= 2
      X         Y        Z          Average Cartesian coordinates (A) 
   3.37659   1.24715   1.25310

                  Uij (A^2)
   4.34811786E-02   3.24512040E-03   8.17585154E-04
   3.24512040E-03   3.83649580E-02   7.84577616E-03
   8.17585154E-04   7.84577616E-03   2.87920367E-02


 Atom reference number= 3
      X         Y        Z          Average Cartesian coordinates (A) 
  -0.00328   0.00638  -0.00700

                  Uij (A^2)
   1.63228400E-02   5.24944812E-03   2.57655885E-03
   5.24944812E-03   2.38694586E-02   9.46038926E-04
   2.57655885E-03   9.46038926E-04   1.73168201E-02


 Atom reference number= 4
      X         Y        Z          Average Cartesian coordinates (A) 
   5.05002   5.04858   5.04579

                  Uij (A^2)
   3.76866646E-02   5.64187346E-03   8.19680840E-03
   5.64187346E-03   5.69505170E-02   2.90079834E-03
   8.19680840E-03   2.90079834E-03   3.94209735E-02


 Atom reference number= 5
      X         Y        Z          Average Cartesian coordinates (A) 
   6.29849   6.30016   6.30110

                  Uij (A^2)
   3.14836241E-02   5.33778640E-03   2.43962719E-03
   5.33778640E-03   5.72388880E-02  -1.78890442E-03
   2.43962719E-03  -1.78890442E-03   3.61050814E-02


 Atom reference number= 6
      X         Y        Z          Average Cartesian coordinates (A) 
   6.71807   8.82961   8.81149

                  Uij (A^2)
   4.25274968E-02  -3.04481830E-03  -2.13039515E-04
  -3.04481830E-03   3.42412181E-02   6.37329789E-03
  -2.13039515E-04   6.37329789E-03   2.30700560E-02


 Atom reference number= 7
      X         Y        Z          Average Cartesian coordinates (A) 
   3.77850   8.82110   8.81158

                  Uij (A^2)
   2.95715090E-02   2.72191712E-03   1.97790680E-03
   2.72191712E-03   4.13300432E-02  -8.09438585E-04
   1.97790680E-03  -8.09438585E-04   3.30215879E-02


 Atom reference number= 8
      X         Y        Z          Average Cartesian coordinates (A) 
   4.17636   1.25627   6.30795

                  Uij (A^2)
   3.97073142E-02   4.57672356E-03  -1.70659996E-03
   4.57672356E-03   3.59716006E-02  -5.88664599E-03
  -1.70659996E-03  -5.88664599E-03   2.50872243E-02


 Atom reference number= 9
      X         Y        Z          Average Cartesian coordinates (A) 
   7.56053   2.51064   5.04897

                  Uij (A^2)
   1.45685840E-02   3.15813767E-03   8.39959190E-04
   3.15813767E-03   2.23433096E-02   2.12352228E-04
   8.39959190E-04   2.12352228E-04   1.68519020E-02


 Atom reference number=10
      X         Y        Z          Average Cartesian coordinates (A) 
   2.53183   7.56816  -0.00112

                  Uij (A^2)
   3.32671516E-02   9.34302248E-03   2.92139919E-03
   9.34302248E-03   5.37741855E-02  -1.11004547E-03
   2.92139919E-03  -1.11004547E-03   3.33065577E-02


 Atom reference number=11
      X         Y        Z          Average Cartesian coordinates (A) 
   6.29487   1.26161   1.27118

                  Uij (A^2)
   2.89613083E-02  -8.12908227E-04   2.05929158E-03
  -8.12908227E-04   4.42833826E-02  -9.70666355E-04
   2.05929158E-03  -9.70666355E-04   3.48089673E-02


 Atom reference number=12
      X         Y        Z          Average Cartesian coordinates (A) 
   5.89178   8.83180   3.77571

                  Uij (A^2)
   5.55747077E-02   3.07671633E-03   4.54547722E-03
   3.07671633E-03   4.07385305E-02  -8.14184360E-03
   4.54547722E-03  -8.14184360E-03   3.28097120E-02


 Atom reference number=13
      X         Y        Z          Average Cartesian coordinates (A) 
   2.51125   7.55805   5.04642

                  Uij (A^2)
   1.68658625E-02   2.47413060E-04   4.07849293E-04
   2.47413060E-04   2.58852001E-02  -5.24449337E-04
   4.07849293E-04  -5.24449337E-04   2.38874108E-02


 Atom reference number=14
      X         Y        Z          Average Cartesian coordinates (A) 
   7.55999   2.52021  -0.00013

                  Uij (A^2)
   3.33340801E-02   1.79043831E-03   4.93091764E-03
   1.79043831E-03   4.83655743E-02   5.32332633E-04
   4.93091764E-03   5.32332633E-04   3.78692299E-02


 Atom reference number=15
      X         Y        Z          Average Cartesian coordinates (A) 
   8.82532   8.81814   3.78860

                  Uij (A^2)
   2.77395584E-02   2.62540625E-03   4.22889041E-03
   2.62540625E-03   4.08188626E-02  -2.50066444E-03
   4.22889041E-03  -2.50066444E-03   2.87198126E-02


 Atom reference number=16
      X         Y        Z          Average Cartesian coordinates (A) 
   9.21613   6.29392   6.30655

                  Uij (A^2)
   4.78626899E-02   6.46047899E-03   1.91348686E-03
   6.46047899E-03   4.13068868E-02  -7.35797547E-03
   1.91348686E-03  -7.35797547E-03   2.88191456E-02


 Atom reference number=17
      X         Y        Z          Average Cartesian coordinates (A) 
   2.51688   5.04093   7.55484

                  Uij (A^2)
   1.98472012E-02   6.53198862E-04   2.97363801E-03
   6.53198862E-04   2.71813311E-02   9.04382323E-04
   2.97363801E-03   9.04382323E-04   1.82389505E-02


 Atom reference number=18
      X         Y        Z          Average Cartesian coordinates (A) 
   7.57966   0.00496   2.52831

                  Uij (A^2)
   2.90193502E-02   9.01480671E-04   7.34139699E-03
   9.01480671E-04   5.88703379E-02  -1.73383637E-03
   7.34139699E-03  -1.73383637E-03   2.66151652E-02


 Atom reference number=19
      X         Y        Z          Average Cartesian coordinates (A) 
   1.26525   1.25825   6.30063

                  Uij (A^2)
   3.26118171E-02   3.04311397E-03   5.87085076E-03
   3.04311397E-03   4.14910764E-02   2.10311450E-03
   5.87085076E-03   2.10311450E-03   3.43091600E-02


 Atom reference number=20
      X         Y        Z          Average Cartesian coordinates (A) 
   0.84169   3.78843   3.77455

                  Uij (A^2)
   4.39742953E-02   5.41162491E-03   4.27093217E-03
   5.41162491E-03   4.12410684E-02  -7.14100106E-03
   4.27093217E-03  -7.14100106E-03   2.97237430E-02


 Atom reference number=21
      X         Y        Z          Average Cartesian coordinates (A) 
   7.55631   5.05243   2.52014

                  Uij (A^2)
   1.99291520E-02   3.03869718E-03   5.12707699E-03
   3.03869718E-03   3.06789763E-02  -2.04908894E-03
   5.12707699E-03  -2.04908894E-03   1.81988962E-02


 Atom reference number=22
      X         Y        Z          Average Cartesian coordinates (A) 
   2.53347   0.00242   7.56764

                  Uij (A^2)
   3.81942801E-02   2.89518991E-03   9.64261685E-03
   2.89518991E-03   5.05306385E-02   7.96338310E-04
   9.64261685E-03   7.96338310E-04   3.12569775E-02


 Atom reference number=23
      X         Y        Z          Average Cartesian coordinates (A) 
   8.83113   3.77689   8.81975

                  Uij (A^2)
   3.71401682E-02  -2.15361913E-04   4.74119466E-03
  -2.15361913E-04   5.20948954E-02  -3.95664433E-03
   4.74119466E-03  -3.95664433E-03   3.65199968E-02


 Atom reference number=24
      X         Y        Z          Average Cartesian coordinates (A) 
   8.42703   6.30003   1.26485

                  Uij (A^2)
   4.35451232E-02   6.36277860E-03   3.35079315E-03
   6.36277860E-03   3.35313492E-02   4.33043111E-03
   3.35079315E-03   4.33043111E-03   2.36231014E-02


 Atom reference number=25
      X         Y        Z          Average Cartesian coordinates (A) 
   5.05024   7.55589   2.50901

                  Uij (A^2)
   1.61730479E-02   3.66126769E-03  -3.03677167E-03
   3.66126769E-03   2.80980393E-02   1.30269385E-03
  -3.03677167E-03   1.30269385E-03   1.68071557E-02


 Atom reference number=26
      X         Y        Z          Average Cartesian coordinates (A) 
  -0.00630   2.50503   7.55202

                  Uij (A^2)
   2.51600668E-02   1.05154130E-03   2.66678841E-03
   1.05154130E-03   5.21474071E-02   6.03355560E-03
   2.66678841E-03   6.03355560E-03   3.93359996E-02


 Atom reference number=27
      X         Y        Z          Average Cartesian coordinates (A) 
   1.27191   6.30389   1.25906

                  Uij (A^2)
   3.02976407E-02   1.11274351E-03   5.17998356E-03
   1.11274351E-03   4.79438454E-02  -1.29284395E-03
   5.17998356E-03  -1.29284395E-03   2.78058480E-02


 Atom reference number=28
      X         Y        Z          Average Cartesian coordinates (A) 
   1.67032   3.77512   8.81506

                  Uij (A^2)
   4.63178791E-02   3.95653071E-03  -1.76338115E-04
   3.95653071E-03   3.73364799E-02   7.72915408E-03
  -1.76338115E-04   7.72915408E-03   2.26660371E-02


 Atom reference number=29
      X         Y        Z          Average Cartesian coordinates (A) 
   5.03433   2.52338   7.55432

                  Uij (A^2)
   1.46549400E-02   6.46477973E-04  -3.62718548E-03
   6.46477973E-04   2.20124163E-02   1.72514748E-03
  -3.62718548E-03   1.72514748E-03   1.90271474E-02


 Atom reference number=30
      X         Y        Z          Average Cartesian coordinates (A) 
  -0.00127   7.55957   2.52386

                  Uij (A^2)
   3.21545005E-02  -3.08629358E-03   4.14593145E-03
  -3.08629358E-03   5.94992265E-02   7.16751209E-03
   4.14593145E-03   7.16751209E-03   3.39416377E-02


 Atom reference number=31
      X         Y        Z          Average Cartesian coordinates (A) 
   1.26428   3.38330   1.26549

                  Uij (A^2)
   2.88975928E-02   1.76707713E-03   1.25585562E-02
   1.76707713E-03   6.27347231E-02   1.66881143E-03
   1.25585562E-02   1.66881143E-03   3.31648327E-02


 Atom reference number=32
      X         Y        Z          Average Cartesian coordinates (A) 
   8.82735   6.69616   8.81739

                  Uij (A^2)
   3.01780738E-02   1.30278908E-03   1.10242218E-02
   1.30278908E-03   7.54660964E-02   2.31133611E-03
   1.10242218E-02   2.31133611E-03   2.88242642E-02


 Atom reference number=33
      X         Y        Z          Average Cartesian coordinates (A) 
   6.30679   4.17139   1.25281

                  Uij (A^2)
   2.75664125E-02   5.22950490E-04  -9.51349083E-03
   5.22950490E-04   6.46593720E-02   4.21930291E-03
  -9.51349083E-03   4.21930291E-03   3.04568224E-02


 Atom reference number=34
      X         Y        Z          Average Cartesian coordinates (A) 
   3.77899   5.89694   8.82357

                  Uij (A^2)
   2.39807796E-02   1.64508980E-04  -1.10078231E-03
   1.64508980E-04   6.06515706E-02  -1.06727704E-03
  -1.10078231E-03  -1.06727704E-03   2.79463995E-02


 Atom reference number=35
      X         Y        Z          Average Cartesian coordinates (A) 
   6.29641   9.21198   6.29366

                  Uij (A^2)
   2.95782052E-02   2.07723258E-03  -5.19151147E-03
   2.07723258E-03   6.58687949E-02   6.75054407E-03
  -5.19151147E-03   6.75054407E-03   3.06137744E-02


 Atom reference number=36
      X         Y        Z          Average Cartesian coordinates (A) 
   3.77879   0.85542   3.77537

                  Uij (A^2)
   2.46355515E-02   1.52453699E-03  -2.30697333E-03
   1.52453699E-03   6.33236393E-02  -2.19645328E-03
  -2.30697333E-03  -2.19645328E-03   3.35521139E-02


 Atom reference number=37
      X         Y        Z          Average Cartesian coordinates (A) 
   1.26383   8.42894   6.29827

                  Uij (A^2)
   2.43722722E-02   3.20397224E-03   7.89229386E-03
   3.20397224E-03   5.30730486E-02  -1.70655875E-03
   7.89229386E-03  -1.70655875E-03   2.40374245E-02


 Atom reference number=38
      X         Y        Z          Average Cartesian coordinates (A) 
   8.82949   1.65967   3.78449

                  Uij (A^2)
   3.33534665E-02   2.34479154E-03   1.13833100E-02
   2.34479154E-03   6.03258982E-02  -2.69964058E-03
   1.13833100E-02  -2.69964058E-03   3.30338031E-02


 Atom reference number=39
      X         Y        Z          Average Cartesian coordinates (A) 
   1.26181   1.26201   3.36675

                  Uij (A^2)
   2.40580831E-02   4.59158374E-03   1.34352676E-03
   4.59158374E-03   3.61233093E-02  -2.39109993E-03
   1.34352676E-03  -2.39109993E-03   4.83750962E-02


 Atom reference number=40
      X         Y        Z          Average Cartesian coordinates (A) 
   8.82774   8.82211   6.71403

                  Uij (A^2)
   3.00538838E-02   1.23713203E-02  -5.30136575E-04
   1.23713203E-02   4.45156954E-02  -9.30567039E-04
  -5.30136575E-04  -9.30567039E-04   4.60129641E-02


 Atom reference number=41
      X         Y        Z          Average Cartesian coordinates (A) 
   1.25579   6.30519   4.17773

                  Uij (A^2)
   2.35422719E-02  -2.64338008E-03   3.71316751E-03
  -2.64338008E-03   3.46549302E-02  -2.78384215E-03
   3.71316751E-03  -2.78384215E-03   4.18771878E-02


 Atom reference number=42
      X         Y        Z          Average Cartesian coordinates (A) 
   8.82696   3.76999   5.89449

                  Uij (A^2)
   3.11275944E-02  -6.13132073E-03   6.38384838E-03
  -6.13132073E-03   3.90853249E-02  -3.54278297E-03
   6.38384838E-03  -3.54278297E-03   4.97432947E-02


 Atom reference number=43
      X         Y        Z          Average Cartesian coordinates (A) 
   6.30184   6.29223   9.22769

                  Uij (A^2)
   2.71162931E-02  -5.24826208E-03   7.79752247E-03
  -5.24826208E-03   3.46529000E-02   3.28838173E-03
   7.79752247E-03   3.28838173E-03   4.77516390E-02


 Atom reference number=44
      X         Y        Z          Average Cartesian coordinates (A) 
   3.78255   3.77330   0.86131

                  Uij (A^2)
   2.88985819E-02  -1.59916293E-03   4.08659177E-03
  -1.59916293E-03   4.14672643E-02   3.45981243E-04
   4.08659177E-03   3.45981243E-04   4.88208607E-02


 Atom reference number=45
      X         Y        Z          Average Cartesian coordinates (A) 
   6.29227   1.26409   8.41497

                  Uij (A^2)
   2.74475962E-02   9.26695485E-03   2.54908664E-04
   9.26695485E-03   3.05196568E-02  -2.97489227E-03
   2.54908664E-04  -2.97489227E-03   4.07504477E-02


 Atom reference number=46
      X         Y        Z          Average Cartesian coordinates (A) 
   3.78187   8.82850   1.67006

                  Uij (A^2)
   3.06891128E-02   7.18757603E-03   5.74389286E-03
   7.18757603E-03   3.16622965E-02   1.61209260E-03
   5.74389286E-03   1.61209260E-03   4.93363626E-02


 Atom reference number=47
      X         Y        Z          Average Cartesian coordinates (A) 
   8.82164   5.90100   3.78222

                  Uij (A^2)
   3.39652039E-02  -1.22260637E-04  -4.06116433E-03
  -1.22260637E-04   6.44179136E-02   1.00805925E-03
  -4.06116433E-03   1.00805925E-03   2.82472428E-02


 Atom reference number=48
      X         Y        Z          Average Cartesian coordinates (A) 
   1.26477   4.17424   6.29581

                  Uij (A^2)
   3.42920609E-02  -5.80054289E-03  -5.65465726E-03
  -5.80054289E-03   6.33527040E-02   1.94200256E-03
  -5.65465726E-03   1.94200256E-03   2.60344129E-02


 Atom reference number=49
      X         Y        Z          Average Cartesian coordinates (A) 
   3.78357   1.66218   8.81928

                  Uij (A^2)
   2.32808888E-02   2.58445041E-03   1.92460290E-03
   2.58445041E-03   4.95003574E-02   4.99150832E-04
   1.92460290E-03   4.99150832E-04   2.13594157E-02


 Atom reference number=50
      X         Y        Z          Average Cartesian coordinates (A) 
   6.30652   8.43371   1.25829

                  Uij (A^2)
   2.62741968E-02   3.23801723E-05   7.67379254E-03
   3.23801723E-05   6.20101281E-02  -4.12651757E-03
   7.67379254E-03  -4.12651757E-03   2.55849436E-02


 Atom reference number=51
      X         Y        Z          Average Cartesian coordinates (A) 
   1.67380   8.81585   3.76950

                  Uij (A^2)
   4.50331867E-02   8.52919242E-04   3.04336217E-03
   8.52919242E-04   3.39794457E-02   6.06589159E-03
   3.04336217E-03   6.06589159E-03   2.37737317E-02


 Atom reference number=52
      X         Y        Z          Average Cartesian coordinates (A) 
   8.42602   1.25277   6.30228

                  Uij (A^2)
   4.06868793E-02  -1.69805007E-03   4.26591636E-04
  -1.69805007E-03   4.25902158E-02   5.93752880E-03
   4.26591636E-04   5.93752880E-03   2.70292070E-02


 Atom reference number=53
      X         Y        Z          Average Cartesian coordinates (A) 
   5.88979   3.78914   8.82338

                  Uij (A^2)
   5.61179928E-02   4.92750481E-03   5.06037753E-03
   4.92750481E-03   4.56957556E-02  -1.24904830E-02
   5.06037753E-03  -1.24904830E-02   3.67364734E-02


 Atom reference number=54
      X         Y        Z          Average Cartesian coordinates (A) 
   4.18589   6.29527   1.26400

                  Uij (A^2)
   4.40015197E-02   1.11053083E-02   1.74025458E-03
   1.11053083E-02   3.66355032E-02  -6.94886595E-03
   1.74025458E-03  -6.94886595E-03   3.00667919E-02


 Atom reference number=55
      X         Y        Z          Average Cartesian coordinates (A) 
   8.83438   3.78375   1.66824

                  Uij (A^2)
   2.68170387E-02   1.06178205E-02  -2.62765959E-03
   1.06178205E-02   3.65130156E-02  -6.75079995E-04
  -2.62765959E-03  -6.75079995E-04   5.64450249E-02


 Atom reference number=56
      X         Y        Z          Average Cartesian coordinates (A) 
   1.26438   6.29955   8.41864

                  Uij (A^2)
   2.68472284E-02   5.52695850E-03   5.34652406E-03
   5.52695850E-03   3.23355570E-02   1.29608240E-03
   5.34652406E-03   1.29608240E-03   4.83373702E-02


 Atom reference number=57
      X         Y        Z          Average Cartesian coordinates (A) 
   3.78828   8.82326   5.89275

                  Uij (A^2)
   3.33532467E-02  -6.04171725E-03   7.44585879E-03
  -6.04171725E-03   4.20617051E-02   1.25473738E-03
   7.44585879E-03   1.25473738E-03   4.55143042E-02


 Atom reference number=58
      X         Y        Z          Average Cartesian coordinates (A) 
   6.29960   1.25870   4.16989

                  Uij (A^2)
   3.23051549E-02  -6.11281954E-03   5.20930765E-03
  -6.11281954E-03   3.65960188E-02  -2.40862672E-03
   5.20930765E-03  -2.40862672E-03   5.01366220E-02


 Atom reference number=59
      X         Y        Z          Average Cartesian coordinates (A) 
   3.38763   6.29803   6.30437

                  Uij (A^2)
   4.63526733E-02   1.89810805E-03  -2.16099364E-03
   1.89810805E-03   4.03086431E-02   3.36265308E-03
  -2.16099364E-03   3.36265308E-03   2.63762325E-02


 Atom reference number=60
      X         Y        Z          Average Cartesian coordinates (A) 
   0.00676   5.05519   5.04573

                  Uij (A^2)
   1.79168843E-02   2.20308406E-03   4.22235532E-03
   2.20308406E-03   2.40744166E-02   9.93669964E-05
   4.22235532E-03   9.93669964E-05   2.24056263E-02


 Atom reference number=61
      X         Y        Z          Average Cartesian coordinates (A) 
   5.04404  -0.00600  -0.01251

                  Uij (A^2)
   3.27633433E-02   3.62996734E-03   5.78661868E-03
   3.62996734E-03   4.43646498E-02   4.66994796E-04
   5.78661868E-03   4.66994796E-04   3.43192853E-02


 Atom reference number=62
      X         Y        Z          Average Cartesian coordinates (A) 
   6.71147   3.78758   3.77523

                  Uij (A^2)
   4.64307442E-02  -3.12805548E-03   1.26216363E-03
  -3.12805548E-03   3.94970104E-02   6.73745852E-03
   1.26216363E-03   6.73745852E-03   3.04526575E-02


 Atom reference number=63
      X         Y        Z          Average Cartesian coordinates (A) 
   7.56565   7.56409   0.00774

                  Uij (A^2)
   1.94503274E-02   1.06303615E-03  -2.55366927E-03
   1.06303615E-03   2.12587770E-02   1.46239204E-03
  -2.55366927E-03   1.46239204E-03   1.96478534E-02


 Atom reference number=64
      X         Y        Z          Average Cartesian coordinates (A) 
   2.51792   2.52119   5.03096

                  Uij (A^2)
   3.12257223E-02   2.82376772E-03   2.74156476E-03
   2.82376772E-03   4.81311083E-02   3.25881527E-04
   2.74156476E-03   3.25881527E-04   3.73448394E-02


 Atom reference number=65
      X         Y        Z          Average Cartesian coordinates (A) 
   2.52082   2.51686   0.00494

                  Uij (A^2)
   1.94008704E-02   4.06523794E-03  -1.32200727E-03
   4.06523794E-03   2.34045926E-02   2.13022856E-03
  -1.32200727E-03   2.13022856E-03   1.99234281E-02


 Atom reference number=66
      X         Y        Z          Average Cartesian coordinates (A) 
   7.55622   7.56311   5.04666

                  Uij (A^2)
   4.37857918E-02   5.75598096E-03   7.06990529E-03
   5.75598096E-03   5.80921881E-02   2.84681621E-04
   7.06990529E-03   2.84681621E-04   4.09474522E-02


 Atom reference number=67
      X         Y        Z          Average Cartesian coordinates (A) 
   9.22163   1.26476   1.26600

                  Uij (A^2)
   4.47798520E-02   2.04435526E-03  -2.38782214E-03
   2.04435526E-03   3.87114361E-02  -2.04268727E-03
  -2.38782214E-03  -2.04268727E-03   3.07752546E-02


 Atom reference number=68
      X         Y        Z          Average Cartesian coordinates (A) 
   2.51436   0.00830   2.51280

                  Uij (A^2)
   1.57320555E-02   5.32290945E-03   4.52574901E-03
   5.32290945E-03   2.86982171E-02   2.34746654E-03
   4.52574901E-03   2.34746654E-03   2.07720026E-02


 Atom reference number=69
      X         Y        Z          Average Cartesian coordinates (A) 
   7.56701   5.04806   7.57238

                  Uij (A^2)
   3.57957296E-02   2.92819063E-03   4.51617222E-03
   2.92819063E-03   5.01597747E-02  -2.27483246E-03
   4.51617222E-03  -2.27483246E-03   3.04254703E-02


 Atom reference number=70
      X         Y        Z          Average Cartesian coordinates (A) 
   0.86130   8.83038   8.82302

                  Uij (A^2)
   5.04924729E-02   7.66904652E-03   5.14654629E-03
   7.66904652E-03   4.09020223E-02  -4.58901981E-03
   5.14654629E-03  -4.58901981E-03   3.05856261E-02


 Atom reference number=71
      X         Y        Z          Average Cartesian coordinates (A) 
   7.56501  -0.00007   7.56747

                  Uij (A^2)
   1.74876451E-02   3.02492338E-03   2.13972083E-03
   3.02492338E-03   2.21765451E-02   6.34953554E-04
   2.13972083E-03   6.34953554E-04   1.28471917E-02


 Atom reference number=72
      X         Y        Z          Average Cartesian coordinates (A) 
   2.52231   5.04994   2.52520

                  Uij (A^2)
   3.06456350E-02   5.96814463E-03   5.98671660E-03
   5.96814463E-03   4.82898280E-02  -7.15974299E-03
   5.98671660E-03  -7.15974299E-03   3.61330174E-02


 Atom reference number=73
      X         Y        Z          Average Cartesian coordinates (A) 
   1.25539   1.26046   9.21264

                  Uij (A^2)
   2.56781355E-02  -5.72028710E-03   2.97125010E-03
  -5.72028710E-03   4.08967659E-02   2.59336346E-04
   2.97125010E-03   2.59336346E-04   4.92375083E-02


 Atom reference number=74
      X         Y        Z          Average Cartesian coordinates (A) 
   8.84191   8.81710   0.88086

                  Uij (A^2)
   3.66949104E-02  -1.08134607E-02   7.99009670E-03
  -1.08134607E-02   4.52711545E-02  -3.47021152E-03
   7.99009670E-03  -3.47021152E-03   6.59444183E-02


 Atom reference number=75
      X         Y        Z          Average Cartesian coordinates (A) 
   6.30390   6.31246   3.38438

                  Uij (A^2)
   2.79004257E-02   8.25478509E-03   3.57417203E-03
   8.25478509E-03   3.39050964E-02  -2.08446043E-04
   3.57417203E-03  -2.08446043E-04   5.45079894E-02


 Atom reference number=76
      X         Y        Z          Average Cartesian coordinates (A) 
   3.78659   3.79213   6.70742

                  Uij (A^2)
   2.45625712E-02   8.66862666E-03   6.02906395E-04
   8.66862666E-03   3.48064080E-02  -4.22947994E-03
   6.02906395E-04  -4.22947994E-03   4.92808484E-02


 Atom reference number=77
      X         Y        Z          Average Cartesian coordinates (A) 
   8.81597   0.86088   8.82132

                  Uij (A^2)
   2.99344156E-02   3.25896614E-03  -3.88138602E-03
   3.25896614E-03   7.37036914E-02  -2.88229319E-03
  -3.88138602E-03  -2.88229319E-03   2.69081462E-02


 Atom reference number=78
      X         Y        Z          Average Cartesian coordinates (A) 
   1.25708   9.20444   1.26481

                  Uij (A^2)
   3.04915346E-02   1.77322805E-03  -4.18675551E-03
   1.77322805E-03   6.80182129E-02  -3.24379536E-03
  -4.18675551E-03  -3.24379536E-03   2.51638051E-02


 Atom reference number=79
      X         Y        Z          Average Cartesian coordinates (A) 
   3.78939   6.70472   3.78602

                  Uij (A^2)
   2.71057580E-02   2.94720125E-03   8.68224166E-03
   2.94720125E-03   6.42382354E-02  -4.13819961E-03
   8.68224166E-03  -4.13819961E-03   2.90876869E-02


 Atom reference number=80
      X         Y        Z          Average Cartesian coordinates (A) 
   6.30378   3.39198   6.30750

                  Uij (A^2)
   2.78036818E-02  -1.13612463E-04   8.92497879E-03
  -1.13612463E-04   5.99641316E-02  -7.84372096E-04
   8.92497879E-03  -7.84372096E-04   2.62108967E-02


 Atom reference number=81
      X         Y        Z          Average Cartesian coordinates (A) 
   5.04233   0.01331   5.04098

                  Uij (A^2)
   1.87642314E-02   6.43593632E-03   4.07447340E-03
   6.43593632E-03   2.80598346E-02   1.10563345E-03
   4.07447340E-03   1.10563345E-03   1.77790560E-02


 Atom reference number=82
      X         Y        Z          Average Cartesian coordinates (A) 
   0.00506   5.04314  -0.00685

                  Uij (A^2)
   3.12597826E-02   1.61553256E-03   8.34195409E-03
   1.61553256E-03   5.20193651E-02  -3.21643474E-03
   8.34195409E-03  -3.21643474E-03   3.47437896E-02


 Atom reference number=83
      X         Y        Z          Average Cartesian coordinates (A) 
  -0.00187   7.56384   7.55769

                  Uij (A^2)
   1.48659134E-02   1.08716975E-03  -6.23228785E-04
   1.08716975E-03   2.59864908E-02  -5.78761450E-04
  -6.23228785E-04  -5.78761450E-04   1.95494089E-02


 Atom reference number=84
      X         Y        Z          Average Cartesian coordinates (A) 
   5.03384   2.50548   2.51518

                  Uij (A^2)
   3.33213694E-02   4.65528574E-03   9.80551820E-04
   4.65528574E-03   4.82690409E-02   4.55907173E-03
   9.80551820E-04   4.55907173E-03   3.40572409E-02


 Atom reference number=85
      X         Y        Z          Average Cartesian coordinates (A) 
   0.00137   2.51554   2.51200

                  Uij (A^2)
   1.61678754E-02  -9.14279139E-04  -1.11301045E-03
  -9.14279139E-04   2.56604105E-02   2.88217515E-03
  -1.11301045E-03   2.88217515E-03   1.85080469E-02


 Atom reference number=86
      X         Y        Z          Average Cartesian coordinates (A) 
   5.03373   7.56070   7.56834

                  Uij (A^2)
   3.41138542E-02  -3.90723627E-03   9.82812257E-04
  -3.90723627E-03   5.24664186E-02   1.90445781E-03
   9.82812257E-04   1.90445781E-03   3.58947329E-02


 Atom reference number=87
      X         Y        Z          Average Cartesian coordinates (A) 
   5.04199   5.04860  -0.00592

                  Uij (A^2)
   1.67042091E-02   3.06976330E-03   3.13141407E-03
   3.06976330E-03   2.31992155E-02   8.87081842E-04
   3.13141407E-03   8.87081842E-04   2.11424232E-02


 Atom reference number=88
      X         Y        Z          Average Cartesian coordinates (A) 
   0.00630  -0.00038   5.03794

                  Uij (A^2)
   3.72313894E-02   1.95530034E-03   3.95364175E-03
   1.95530034E-03   4.93264422E-02  -4.17272188E-03
   3.95364175E-03  -4.17272188E-03   3.92559096E-02

