 atom reference_number  X_aver(frac)   Y_aver(frac)   Z_aver(frac)
         1             0.3741443      0.3752280      0.3752559
         2             0.3349034      0.1236976      0.1242877
         3            -0.0000865      0.0007636     -0.0005499
         4             0.5008804      0.5007375      0.5004616
         5             0.6247092      0.6248747      0.6249678
         6             0.6663244      0.8757553      0.8739581
         7             0.3747667      0.8749113      0.8739674
         8             0.4142274      0.1246016      0.6256473
         9             0.7500371      0.2488448      0.5006220
        10             0.2511170      0.7506395     -0.0001113
        11             0.6243494      0.1251318      0.1260807
        12             0.5843698      0.8759723      0.3744896
        13             0.2489281      0.7493993      0.5004170
        14             0.7498297      0.2499641     -0.0000127
        15             0.8753296      0.8746176      0.3757680
        16             0.9140918      0.6242559      0.6255087
        17             0.2496068      0.4999491      0.7492975
        18             0.7517803      0.0004923      0.2507674
        19             0.1254923      0.1247980      0.6249211
        20             0.0834824      0.3757513      0.3743743
        21             0.7494153      0.5009202      0.2500868
        22             0.2512791      0.0002401      0.7505881
        23             0.8759056      0.3746064      0.8747771
        24             0.8358256      0.6248614      0.1254527
        25             0.5003780      0.7497164      0.2492997
        26            -0.0006254      0.2484586      0.7490388
        27             0.1261529      0.6252442      0.1248786
        28             0.1656693      0.3744317      0.8743122
        29             0.4996728      0.2500610      0.7495818
        30            -0.0001260      0.7497874      0.2503264
        31             0.1253965      0.3355688      0.1255159
        32             0.8755305      0.6641512      0.8745430
        33             0.6255324      0.4137349      0.1242588
        34             0.3748154      0.5848818      0.8751566
        35             0.6245022      0.9136809      0.6242298
        36             0.3747948      0.0848440      0.3744559
        37             0.1253517      0.8360149      0.6246864
        38             0.8757430      0.1646126      0.3753609
        39             0.1251510      0.1251711      0.3339275
        40             0.8755703      0.8750112      0.6659238
        41             0.1245542      0.6253734      0.4143633
        42             0.8754923      0.3739223      0.5846385
        43             0.6250416      0.6240882      0.9152384
        44             0.3751679      0.3742505      0.0854285
        45             0.6240919      0.1253774      0.8346301
        46             0.3751003      0.8756452      0.1656429
        47             0.8749644      0.5852842      0.3751353
        48             0.1254448      0.4140176      0.6244428
        49             0.3752692      0.1648612      0.8747311
        50             0.6255049      0.8364881      0.1248018
        51             0.1660138      0.8743904      0.3738738
        52             0.8357257      0.1242542      0.6250846
        53             0.5841723      0.3758215      0.8751373
        54             0.4151727      0.6243893      0.1253685
        55             0.8762284      0.3752874      0.1654627
        56             0.1254066      0.6248144      0.8349942
        57             0.3757363      0.8751255      0.5844657
        58             0.6248192      0.1248425      0.4135862
        59             0.3359983      0.6246636      0.6252918
        60             0.0006882      0.5010269      0.5005801
        61             0.5002878     -0.0005948     -0.0012407
        62             0.6656700      0.3756672      0.3744415
        63             0.7503244      0.7502301      0.0005942
        64             0.2497367      0.2500618      0.4989907
        65             0.2498733      0.2496800      0.0006101
        66             0.7494557      0.7501393      0.5005478
        67             0.9146376      0.1254440      0.1255670
        68             0.2493487      0.0007718      0.2493508
        69             0.7505261      0.5006858      0.7510586
        70             0.0854269      0.8758312      0.8751020
        71             0.7501780     -0.0003030      0.7502099
        72             0.2501730      0.5008732      0.2504586
        73             0.1245140      0.1250171      0.9137454
        74             0.8769756      0.8745146      0.0873671
        75             0.6252453      0.6260948      0.3356758
        76             0.3755692      0.3761186      0.6652682
        77             0.8744019      0.0853860      0.8749331
        78             0.1246823      0.9129322      0.1254489
        79             0.3758466      0.6650009      0.3755124
        80             0.6252331      0.3364292      0.6256027
        81             0.5001780      0.0011290      0.4998788
        82             0.0005020      0.5001986     -0.0006799
        83            -0.0001287      0.7504262      0.7493417
        84             0.4992761      0.2485037      0.2494659
        85             0.0003569      0.2497209      0.2493893
        86             0.4992647      0.7499000      0.7506576
        87             0.4999023      0.5008237     -0.0005882
        88             0.0006254     -0.0000375      0.4996827

 Atom reference number= 1
      X         Y        Z          Average Cartesian coordinates (A) 
   3.77223   3.78315   3.78344

                  Uij (A^2)
   2.91111059E-02   6.77506765E-03   4.42407606E-03
   6.77506765E-03   4.65859994E-02  -5.03011863E-04
   4.42407606E-03  -5.03011863E-04   3.32130417E-02


 Atom reference number= 2
      X         Y        Z          Average Cartesian coordinates (A) 
   3.37659   1.24715   1.25310

                  Uij (A^2)
   4.34811451E-02   3.24520678E-03   8.17496388E-04
   3.24520678E-03   3.83650996E-02   7.84624089E-03
   8.17496388E-04   7.84624089E-03   2.87923925E-02


 Atom reference number= 3
      X         Y        Z          Average Cartesian coordinates (A) 
  -0.00087   0.00770  -0.00554

                  Uij (A^2)
   1.56980865E-02   4.49130032E-03   2.53764540E-03
   4.49130032E-03   2.17632260E-02   1.16399559E-03
   2.53764540E-03   1.16399559E-03   1.69626959E-02


 Atom reference number= 4
      X         Y        Z          Average Cartesian coordinates (A) 
   5.05002   5.04858   5.04579

                  Uij (A^2)
   3.76873501E-02   5.64217800E-03   8.19648523E-03
   5.64217800E-03   5.69499508E-02   2.90075410E-03
   8.19648523E-03   2.90075410E-03   3.94212455E-02


 Atom reference number= 5
      X         Y        Z          Average Cartesian coordinates (A) 
   6.29849   6.30016   6.30110

                  Uij (A^2)
   3.14836539E-02   5.33808954E-03   2.43937969E-03
   5.33808954E-03   5.72392792E-02  -1.78915903E-03
   2.43937969E-03  -1.78915903E-03   3.61049026E-02


 Atom reference number= 6
      X         Y        Z          Average Cartesian coordinates (A) 
   6.71807   8.82961   8.81149

                  Uij (A^2)
   4.25275117E-02  -3.04502994E-03  -2.12944709E-04
  -3.04502994E-03   3.42414565E-02   6.37315307E-03
  -2.12944709E-04   6.37315307E-03   2.30703037E-02


 Atom reference number= 7
      X         Y        Z          Average Cartesian coordinates (A) 
   3.77850   8.82110   8.81158

                  Uij (A^2)
   2.95710359E-02   2.72235647E-03   1.97801809E-03
   2.72235647E-03   4.13305946E-02  -8.09420540E-04
   1.97801809E-03  -8.09420540E-04   3.30216326E-02


 Atom reference number= 8
      X         Y        Z          Average Cartesian coordinates (A) 
   4.17636   1.25627   6.30795

                  Uij (A^2)
   3.97075340E-02   4.57681809E-03  -1.70645234E-03
   4.57681809E-03   3.59713510E-02  -5.88680385E-03
  -1.70645234E-03  -5.88680385E-03   2.50874553E-02


 Atom reference number= 9
      X         Y        Z          Average Cartesian coordinates (A) 
   7.56208   2.50892   5.04741

                  Uij (A^2)
   1.40572749E-02   2.59476132E-03   3.01599241E-04
   2.59476132E-03   2.01214235E-02   1.32072848E-04
   3.01599241E-04   1.32072848E-04   1.58383287E-02


 Atom reference number=10
      X         Y        Z          Average Cartesian coordinates (A) 
   2.53183   7.56816  -0.00112

                  Uij (A^2)
   3.32674980E-02   9.34305228E-03   2.92146229E-03
   9.34305228E-03   5.37740923E-02  -1.11005758E-03
   2.92146229E-03  -1.11005758E-03   3.33070420E-02


 Atom reference number=11
      X         Y        Z          Average Cartesian coordinates (A) 
   6.29487   1.26161   1.27118

                  Uij (A^2)
   2.89614685E-02  -8.13141291E-04   2.05908366E-03
  -8.13141291E-04   4.42836173E-02  -9.70419787E-04
   2.05908366E-03  -9.70419787E-04   3.48093174E-02


 Atom reference number=12
      X         Y        Z          Average Cartesian coordinates (A) 
   5.89178   8.83180   3.77571

                  Uij (A^2)
   5.55746742E-02   3.07652750E-03   4.54597082E-03
   3.07652750E-03   4.07387353E-02  -8.14179890E-03
   4.54597082E-03  -8.14179890E-03   3.28095146E-02


 Atom reference number=13
      X         Y        Z          Average Cartesian coordinates (A) 
   2.50976   7.55565   5.04534

                  Uij (A^2)
   1.59889404E-02   3.17709462E-04   2.68943026E-04
   3.17709462E-04   2.29634978E-02  -4.27221908E-04
   2.68943026E-04  -4.27221908E-04   2.14608535E-02


 Atom reference number=14
      X         Y        Z          Average Cartesian coordinates (A) 
   7.55999   2.52021  -0.00013

                  Uij (A^2)
   3.33339050E-02   1.78981514E-03   4.93035419E-03
   1.78981514E-03   4.83659767E-02   5.32520469E-04
   4.93035419E-03   5.32520469E-04   3.78688574E-02


 Atom reference number=15
      X         Y        Z          Average Cartesian coordinates (A) 
   8.82532   8.81814   3.78860

                  Uij (A^2)
   2.77397111E-02   2.62551242E-03   4.22881078E-03
   2.62551242E-03   4.08181995E-02  -2.50086584E-03
   4.22881078E-03  -2.50086584E-03   2.87198219E-02


 Atom reference number=16
      X         Y        Z          Average Cartesian coordinates (A) 
   9.21613   6.29392   6.30655

                  Uij (A^2)
   4.78622876E-02   6.46076258E-03   1.91339513E-03
   6.46076258E-03   4.13070768E-02  -7.35778222E-03
   1.91339513E-03  -7.35778222E-03   2.88187712E-02


 Atom reference number=17
      X         Y        Z          Average Cartesian coordinates (A) 
   2.51661   5.04063   7.55463

                  Uij (A^2)
   1.85801778E-02   2.52448081E-04   2.66775326E-03
   2.52448081E-04   2.49355379E-02   8.89115036E-04
   2.66775326E-03   8.89115036E-04   1.70411449E-02


 Atom reference number=18
      X         Y        Z          Average Cartesian coordinates (A) 
   7.57966   0.00496   2.52831

                  Uij (A^2)
   2.90198848E-02   9.01499006E-04   7.34139513E-03
   9.01499006E-04   5.88698275E-02  -1.73387479E-03
   7.34139513E-03  -1.73387479E-03   2.66154837E-02


 Atom reference number=19
      X         Y        Z          Average Cartesian coordinates (A) 
   1.26525   1.25825   6.30063

                  Uij (A^2)
   3.26116122E-02   3.04384087E-03   5.87114552E-03
   3.04384087E-03   4.14916761E-02   2.10331334E-03
   5.87114552E-03   2.10331334E-03   3.43090557E-02


 Atom reference number=20
      X         Y        Z          Average Cartesian coordinates (A) 
   0.84169   3.78843   3.77455

                  Uij (A^2)
   4.39740419E-02   5.41156298E-03   4.27086093E-03
   5.41156298E-03   4.12405767E-02  -7.14102946E-03
   4.27086093E-03  -7.14102946E-03   2.97239292E-02


 Atom reference number=21
      X         Y        Z          Average Cartesian coordinates (A) 
   7.55582   5.05042   2.52144

                  Uij (A^2)
   1.85455792E-02   2.19107699E-03   4.09500394E-03
   2.19107699E-03   2.74104960E-02  -2.12481013E-03
   4.09500394E-03  -2.12481013E-03   1.72783360E-02


 Atom reference number=22
      X         Y        Z          Average Cartesian coordinates (A) 
   2.53347   0.00242   7.56764

                  Uij (A^2)
   3.81941982E-02   2.89536943E-03   9.64241568E-03
   2.89536943E-03   5.05304374E-02   7.96240987E-04
   9.64241568E-03   7.96240987E-04   3.12571004E-02


 Atom reference number=23
      X         Y        Z          Average Cartesian coordinates (A) 
   8.83113   3.77689   8.81975

                  Uij (A^2)
   3.71401832E-02  -2.15627049E-04   4.74104518E-03
  -2.15627049E-04   5.20955399E-02  -3.95653211E-03
   4.74104518E-03  -3.95653211E-03   3.65201943E-02


 Atom reference number=24
      X         Y        Z          Average Cartesian coordinates (A) 
   8.42703   6.30003   1.26485

                  Uij (A^2)
   4.35454585E-02   6.36258768E-03   3.35101644E-03
   6.36258768E-03   3.35313752E-02   4.33032960E-03
   3.35101644E-03   4.33032960E-03   2.36231908E-02


 Atom reference number=25
      X         Y        Z          Average Cartesian coordinates (A) 
   5.04495   7.55885   2.51351

                  Uij (A^2)
   1.59516055E-02   2.18040543E-03  -2.94202403E-03
   2.18040543E-03   2.52913479E-02   1.27726758E-03
  -2.94202403E-03   1.27726758E-03   1.64518561E-02


 Atom reference number=26
      X         Y        Z          Average Cartesian coordinates (A) 
  -0.00631   2.50503   7.55202

                  Uij (A^2)
   2.51603257E-02   1.05152035E-03   2.66654603E-03
   1.05152035E-03   5.21473177E-02   6.03324315E-03
   2.66654603E-03   6.03324315E-03   3.93362269E-02


 Atom reference number=27
      X         Y        Z          Average Cartesian coordinates (A) 
   1.27191   6.30389   1.25906

                  Uij (A^2)
   3.02975085E-02   1.11268461E-03   5.17995097E-03
   1.11268461E-03   4.79436740E-02  -1.29264744E-03
   5.17995097E-03  -1.29264744E-03   2.78059300E-02


 Atom reference number=28
      X         Y        Z          Average Cartesian coordinates (A) 
   1.67032   3.77512   8.81506

                  Uij (A^2)
   4.63175587E-02   3.95671092E-03  -1.75676367E-04
   3.95671092E-03   3.73369157E-02   7.72887003E-03
  -1.75676367E-04   7.72887003E-03   2.26657409E-02


 Atom reference number=29
      X         Y        Z          Average Cartesian coordinates (A) 
   5.03784   2.52118   7.55749

                  Uij (A^2)
   1.41790425E-02   7.14600086E-04  -3.08017060E-03
   7.14600086E-04   2.01525409E-02   1.51839817E-03
  -3.08017060E-03   1.51839817E-03   1.77608710E-02


 Atom reference number=30
      X         Y        Z          Average Cartesian coordinates (A) 
  -0.00127   7.55957   2.52386

                  Uij (A^2)
   3.21547762E-02  -3.08672152E-03   4.14592773E-03
  -3.08672152E-03   5.94998822E-02   7.16752652E-03
   4.14592773E-03   7.16752652E-03   3.39413360E-02


 Atom reference number=31
      X         Y        Z          Average Cartesian coordinates (A) 
   1.26428   3.38330   1.26549

                  Uij (A^2)
   2.88979132E-02   1.76692149E-03   1.25588095E-02
   1.76692149E-03   6.27343878E-02   1.66858360E-03
   1.25588095E-02   1.66858360E-03   3.31649221E-02


 Atom reference number=32
      X         Y        Z          Average Cartesian coordinates (A) 
   8.82734   6.69616   8.81739

                  Uij (A^2)
   3.01780812E-02   1.30287779E-03   1.10244788E-02
   1.30287779E-03   7.54666701E-02   2.31154030E-03
   1.10244788E-02   2.31154030E-03   2.88246404E-02


 Atom reference number=33
      X         Y        Z          Average Cartesian coordinates (A) 
   6.30679   4.17139   1.25281

                  Uij (A^2)
   2.75666788E-02   5.23086754E-04  -9.51356813E-03
   5.23086754E-04   6.46587312E-02   4.21911245E-03
  -9.51356813E-03   4.21911245E-03   3.04573365E-02


 Atom reference number=34
      X         Y        Z          Average Cartesian coordinates (A) 
   3.77899   5.89694   8.82357

                  Uij (A^2)
   2.39805989E-02   1.64508441E-04  -1.10055611E-03
   1.64508441E-04   6.06515445E-02  -1.06711383E-03
  -1.10055611E-03  -1.06711383E-03   2.79460419E-02


 Atom reference number=35
      X         Y        Z          Average Cartesian coordinates (A) 
   6.29641   9.21199   6.29366

                  Uij (A^2)
   2.95779034E-02   2.07775133E-03  -5.19173266E-03
   2.07775133E-03   6.58681467E-02   6.75072009E-03
  -5.19173266E-03   6.75072009E-03   3.06141190E-02


 Atom reference number=36
      X         Y        Z          Average Cartesian coordinates (A) 
   3.77879   0.85542   3.77537

                  Uij (A^2)
   2.46354099E-02   1.52454560E-03  -2.30672001E-03
   1.52454560E-03   6.33232668E-02  -2.19647191E-03
  -2.30672001E-03  -2.19647191E-03   3.35524194E-02


 Atom reference number=37
      X         Y        Z          Average Cartesian coordinates (A) 
   1.26383   8.42894   6.29826

                  Uij (A^2)
   2.43723411E-02   3.20405653E-03   7.89203774E-03
   3.20405653E-03   5.30728400E-02  -1.70654873E-03
   7.89203774E-03  -1.70654873E-03   2.40371935E-02


 Atom reference number=38
      X         Y        Z          Average Cartesian coordinates (A) 
   8.82949   1.65967   3.78449

                  Uij (A^2)
   3.33529785E-02   2.34508910E-03   1.13835027E-02
   2.34508910E-03   6.03257827E-02  -2.69986340E-03
   1.13835027E-02  -2.69986340E-03   3.30344625E-02


 Atom reference number=39
      X         Y        Z          Average Cartesian coordinates (A) 
   1.26181   1.26201   3.36675

                  Uij (A^2)
   2.40581855E-02   4.59169643E-03   1.34349009E-03
   4.59169643E-03   3.61232422E-02  -2.39107432E-03
   1.34349009E-03  -2.39107432E-03   4.83743586E-02


 Atom reference number=40
      X         Y        Z          Average Cartesian coordinates (A) 
   8.82774   8.82211   6.71403

                  Uij (A^2)
   3.00540235E-02   1.23711713E-02  -5.29921963E-04
   1.23711713E-02   4.45156470E-02  -9.30567563E-04
  -5.29921963E-04  -9.30567563E-04   4.60131355E-02


 Atom reference number=41
      X         Y        Z          Average Cartesian coordinates (A) 
   1.25579   6.30519   4.17773

                  Uij (A^2)
   2.35422757E-02  -2.64326786E-03   3.71337845E-03
  -2.64326786E-03   3.46552320E-02  -2.78361049E-03
   3.71337845E-03  -2.78361049E-03   4.18774895E-02


 Atom reference number=42
      X         Y        Z          Average Cartesian coordinates (A) 
   8.82696   3.76999   5.89449

                  Uij (A^2)
   3.11273076E-02  -6.13152701E-03   6.38422789E-03
  -6.13152701E-03   3.90854925E-02  -3.54339206E-03
   6.38422789E-03  -3.54339206E-03   4.97435853E-02


 Atom reference number=43
      X         Y        Z          Average Cartesian coordinates (A) 
   6.30184   6.29223   9.22769

                  Uij (A^2)
   2.71164086E-02  -5.24827559E-03   7.79782562E-03
  -5.24827559E-03   3.46530117E-02   3.28855799E-03
   7.79782562E-03   3.28855799E-03   4.77519371E-02


 Atom reference number=44
      X         Y        Z          Average Cartesian coordinates (A) 
   3.78255   3.77330   0.86131

                  Uij (A^2)
   2.88977381E-02  -1.59927295E-03   4.08682413E-03
  -1.59927295E-03   4.14675400E-02   3.45764245E-04
   4.08682413E-03   3.45764245E-04   4.88205701E-02


 Atom reference number=45
      X         Y        Z          Average Cartesian coordinates (A) 
   6.29227   1.26409   8.41497

                  Uij (A^2)
   2.74475720E-02   9.26713739E-03   2.55025050E-04
   9.26713739E-03   3.05193961E-02  -2.97479145E-03
   2.55025050E-04  -2.97479145E-03   4.07501459E-02


 Atom reference number=46
      X         Y        Z          Average Cartesian coordinates (A) 
   3.78187   8.82850   1.67006

                  Uij (A^2)
   3.06893680E-02   7.18739349E-03   5.74431242E-03
   7.18739349E-03   3.16621847E-02   1.61189761E-03
   5.74431242E-03   1.61189761E-03   4.93365824E-02


 Atom reference number=47
      X         Y        Z          Average Cartesian coordinates (A) 
   8.82164   5.90100   3.78222

                  Uij (A^2)
   3.39651927E-02  -1.22522542E-04  -4.06131707E-03
  -1.22522542E-04   6.44176379E-02   1.00818789E-03
  -4.06131707E-03   1.00818789E-03   2.82480009E-02


 Atom reference number=48
      X         Y        Z          Average Cartesian coordinates (A) 
   1.26477   4.17424   6.29581

                  Uij (A^2)
   3.42916884E-02  -5.80071332E-03  -5.65445796E-03
  -5.80071332E-03   6.33532777E-02   1.94238068E-03
  -5.65445796E-03   1.94238068E-03   2.60345154E-02


 Atom reference number=49
      X         Y        Z          Average Cartesian coordinates (A) 
   3.78357   1.66218   8.81928

                  Uij (A^2)
   2.32810229E-02   2.58457614E-03   1.92490779E-03
   2.58457614E-03   4.95009199E-02   4.99021960E-04
   1.92490779E-03   4.99021960E-04   2.13596150E-02


 Atom reference number=50
      X         Y        Z          Average Cartesian coordinates (A) 
   6.30652   8.43371   1.25829

                  Uij (A^2)
   2.62742136E-02   3.22635387E-05   7.67394295E-03
   3.22635387E-05   6.20097592E-02  -4.12617391E-03
   7.67394295E-03  -4.12617391E-03   2.55851690E-02


 Atom reference number=51
      X         Y        Z          Average Cartesian coordinates (A) 
   1.67380   8.81585   3.76950

                  Uij (A^2)
   4.50335070E-02   8.53242818E-04   3.04322760E-03
   8.53242818E-04   3.39788198E-02   6.06550137E-03
   3.04322760E-03   6.06550137E-03   2.37740241E-02


 Atom reference number=52
      X         Y        Z          Average Cartesian coordinates (A) 
   8.42602   1.25277   6.30228

                  Uij (A^2)
   4.06864956E-02  -1.69772084E-03   4.26962564E-04
  -1.69772084E-03   4.25898060E-02   5.93757769E-03
   4.26962564E-04   5.93757769E-03   2.70290356E-02


 Atom reference number=53
      X         Y        Z          Average Cartesian coordinates (A) 
   5.88979   3.78914   8.82338

                  Uij (A^2)
   5.61184846E-02   4.92738793E-03   5.06075285E-03
   4.92738793E-03   4.56953272E-02  -1.24905715E-02
   5.06075285E-03  -1.24905715E-02   3.67366299E-02


 Atom reference number=54
      X         Y        Z          Average Cartesian coordinates (A) 
   4.18589   6.29527   1.26400

                  Uij (A^2)
   4.40015607E-02   1.11052673E-02   1.74057228E-03
   1.11052673E-02   3.66353653E-02  -6.94884313E-03
   1.74057228E-03  -6.94884313E-03   3.00667435E-02


 Atom reference number=55
      X         Y        Z          Average Cartesian coordinates (A) 
   8.83438   3.78375   1.66824

                  Uij (A^2)
   2.68172678E-02   1.06182685E-02  -2.62745586E-03
   1.06182685E-02   3.65136489E-02  -6.74611947E-04
  -2.62745586E-03  -6.74611947E-04   5.64453043E-02


 Atom reference number=56
      X         Y        Z          Average Cartesian coordinates (A) 
   1.26438   6.29955   8.41865

                  Uij (A^2)
   2.68469006E-02   5.52689284E-03   5.34632849E-03
   5.52689284E-03   3.23351212E-02   1.29586156E-03
   5.34632849E-03   1.29586156E-03   4.83370759E-02


 Atom reference number=57
      X         Y        Z          Average Cartesian coordinates (A) 
   3.78828   8.82326   5.89275

                  Uij (A^2)
   3.33527811E-02  -6.04149187E-03   7.44618289E-03
  -6.04149187E-03   4.20621894E-02   1.25462108E-03
   7.44618289E-03   1.25462108E-03   4.55148891E-02


 Atom reference number=58
      X         Y        Z          Average Cartesian coordinates (A) 
   6.29960   1.25870   4.16989

                  Uij (A^2)
   3.23051251E-02  -6.11275854E-03   5.20914234E-03
  -6.11275854E-03   3.65958028E-02  -2.40892917E-03
   5.20914234E-03  -2.40892917E-03   5.01372181E-02


 Atom reference number=59
      X         Y        Z          Average Cartesian coordinates (A) 
   3.38763   6.29803   6.30437

                  Uij (A^2)
   4.63523641E-02   1.89833029E-03  -2.16113427E-03
   1.89833029E-03   4.03084345E-02   3.36211361E-03
  -2.16113427E-03   3.36211361E-03   2.63767131E-02


 Atom reference number=60
      X         Y        Z          Average Cartesian coordinates (A) 
   0.00694   5.05149   5.04699

                  Uij (A^2)
   1.74627025E-02   2.06784275E-03   3.12175788E-03
   2.06784275E-03   2.21060161E-02  -1.26084225E-04
   3.12175788E-03  -1.26084225E-04   2.01013833E-02


 Atom reference number=61
      X         Y        Z          Average Cartesian coordinates (A) 
   5.04404  -0.00600  -0.01251

                  Uij (A^2)
   3.27633433E-02   3.63008189E-03   5.78665501E-03
   3.63008189E-03   4.43647020E-02   4.67359350E-04
   5.78665501E-03   4.67359350E-04   3.43199521E-02


 Atom reference number=62
      X         Y        Z          Average Cartesian coordinates (A) 
   6.71147   3.78758   3.77522

                  Uij (A^2)
   4.64304127E-02  -3.12806433E-03   1.26206363E-03
  -3.12806433E-03   3.94967347E-02   6.73709251E-03
   1.26206363E-03   6.73709251E-03   3.04525699E-02


 Atom reference number=63
      X         Y        Z          Average Cartesian coordinates (A) 
   7.56498   7.56403   0.00599

                  Uij (A^2)
   1.80339962E-02   1.24047988E-03  -1.90197304E-03
   1.24047988E-03   1.93979610E-02   9.14488512E-04
  -1.90197304E-03   9.14488512E-04   1.76460575E-02


 Atom reference number=64
      X         Y        Z          Average Cartesian coordinates (A) 
   2.51792   2.52119   5.03096

                  Uij (A^2)
   3.12255640E-02   2.82373768E-03   2.74137082E-03
   2.82373768E-03   4.81319353E-02   3.26019013E-04
   2.74137082E-03   3.26019013E-04   3.73451486E-02


 Atom reference number=65
      X         Y        Z          Average Cartesian coordinates (A) 
   2.51929   2.51734   0.00615

                  Uij (A^2)
   1.82805248E-02   3.49510391E-03  -1.26027572E-03
   3.49510391E-03   2.16742512E-02   1.90067210E-03
  -1.26027572E-03   1.90067210E-03   1.87656544E-02


 Atom reference number=66
      X         Y        Z          Average Cartesian coordinates (A) 
   7.55622   7.56311   5.04666

                  Uij (A^2)
   4.37857173E-02   5.75600145E-03   7.07004871E-03
   5.75600145E-03   5.80923185E-02   2.84717069E-04
   7.07004871E-03   2.84717069E-04   4.09466960E-02


 Atom reference number=67
      X         Y        Z          Average Cartesian coordinates (A) 
   9.22163   1.26476   1.26600

                  Uij (A^2)
   4.47792448E-02   2.04454316E-03  -2.38806591E-03
   2.04454316E-03   3.87117006E-02  -2.04315619E-03
  -2.38806591E-03  -2.04315619E-03   3.07752825E-02


 Atom reference number=68
      X         Y        Z          Average Cartesian coordinates (A) 
   2.51400   0.00778   2.51402

                  Uij (A^2)
   1.50270509E-02   3.75594595E-03   3.81282298E-03
   3.75594595E-03   2.54222937E-02   1.97127368E-03
   3.81282298E-03   1.97127368E-03   1.87537931E-02


 Atom reference number=69
      X         Y        Z          Average Cartesian coordinates (A) 
   7.56701   5.04805   7.57238

                  Uij (A^2)
   3.57951894E-02   2.92837340E-03   4.51585744E-03
   2.92837340E-03   5.01593202E-02  -2.27527763E-03
   4.51585744E-03  -2.27527763E-03   3.04255355E-02


 Atom reference number=70
      X         Y        Z          Average Cartesian coordinates (A) 
   0.86130   8.83038   8.82302

                  Uij (A^2)
   5.04922494E-02   7.66899018E-03   5.14655840E-03
   7.66899018E-03   4.09019366E-02  -4.58962563E-03
   5.14655840E-03  -4.58962563E-03   3.05861551E-02


 Atom reference number=71
      X         Y        Z          Average Cartesian coordinates (A) 
   7.56350  -0.00306   7.56383

                  Uij (A^2)
   1.79248732E-02   2.20057624E-03   2.54235417E-03
   2.20057624E-03   2.07794011E-02   4.07347776E-04
   2.54235417E-03   4.07347776E-04   1.34747056E-02


 Atom reference number=72
      X         Y        Z          Average Cartesian coordinates (A) 
   2.52231   5.04994   2.52519

                  Uij (A^2)
   3.06453668E-02   5.96815441E-03   5.98665839E-03
   5.96815441E-03   4.82892841E-02  -7.16036139E-03
   5.98665839E-03  -7.16036139E-03   3.61330360E-02


 Atom reference number=73
      X         Y        Z          Average Cartesian coordinates (A) 
   1.25539   1.26046   9.21264

                  Uij (A^2)
   2.56782491E-02  -5.72032016E-03   2.97094928E-03
  -5.72032016E-03   4.08966355E-02   2.59402936E-04
   2.97094928E-03   2.59402936E-04   4.92380299E-02


 Atom reference number=74
      X         Y        Z          Average Cartesian coordinates (A) 
   8.84191   8.81710   0.88086

                  Uij (A^2)
   3.66948023E-02  -1.08130202E-02   7.98990577E-03
  -1.08130202E-02   4.52713482E-02  -3.47013329E-03
   7.98990577E-03  -3.47013329E-03   6.59452230E-02


 Atom reference number=75
      X         Y        Z          Average Cartesian coordinates (A) 
   6.30390   6.31246   3.38438

                  Uij (A^2)
   2.79003512E-02   8.25480651E-03   3.57392058E-03
   8.25480651E-03   3.39049436E-02  -2.08947153E-04
   3.57392058E-03  -2.08947153E-04   5.45074083E-02


 Atom reference number=76
      X         Y        Z          Average Cartesian coordinates (A) 
   3.78659   3.79213   6.70742

                  Uij (A^2)
   2.45621130E-02   8.66877288E-03   6.03100867E-04
   8.66877288E-03   3.48062664E-02  -4.22894582E-03
   6.03100867E-04  -4.22894582E-03   4.92804013E-02


 Atom reference number=77
      X         Y        Z          Average Cartesian coordinates (A) 
   8.81597   0.86089   8.82132

                  Uij (A^2)
   2.99346950E-02   3.25932773E-03  -3.88089451E-03
   3.25932773E-03   7.37041607E-02  -2.88211508E-03
  -3.88089451E-03  -2.88211508E-03   2.69081369E-02


 Atom reference number=78
      X         Y        Z          Average Cartesian coordinates (A) 
   1.25708   9.20444   1.26481

                  Uij (A^2)
   3.04912776E-02   1.77266321E-03  -4.18701069E-03
   1.77266321E-03   6.80182576E-02  -3.24411853E-03
  -4.18701069E-03  -3.24411853E-03   2.51638778E-02


 Atom reference number=79
      X         Y        Z          Average Cartesian coordinates (A) 
   3.78939   6.70472   3.78602

                  Uij (A^2)
   2.71059610E-02   2.94722454E-03   8.68223514E-03
   2.94722454E-03   6.42380938E-02  -4.13862010E-03
   8.68223514E-03  -4.13862010E-03   2.90879197E-02


 Atom reference number=80
      X         Y        Z          Average Cartesian coordinates (A) 
   6.30378   3.39197   6.30750

                  Uij (A^2)
   2.78038122E-02  -1.13828166E-04   8.92503653E-03
  -1.13828166E-04   5.99646382E-02  -7.84578908E-04
   8.92503653E-03  -7.84578908E-04   2.62114108E-02


 Atom reference number=81
      X         Y        Z          Average Cartesian coordinates (A) 
   5.04293   0.01138   5.03992

                  Uij (A^2)
   1.76994726E-02   4.94094612E-03   3.31807602E-03
   4.94094612E-03   2.46662647E-02   1.22703507E-03
   3.31807602E-03   1.22703507E-03   1.68910231E-02


 Atom reference number=82
      X         Y        Z          Average Cartesian coordinates (A) 
   0.00506   5.04314  -0.00685

                  Uij (A^2)
   3.12597416E-02   1.61559647E-03   8.34202114E-03
   1.61559647E-03   5.20197451E-02  -3.21639120E-03
   8.34202114E-03  -3.21639120E-03   3.47439013E-02


 Atom reference number=83
      X         Y        Z          Average Cartesian coordinates (A) 
  -0.00130   7.56601   7.55507

                  Uij (A^2)
   1.45832319E-02   8.50251294E-04  -1.90229213E-04
   8.50251294E-04   2.35783476E-02  -5.32674603E-04
  -1.90229213E-04  -5.32674603E-04   1.79214254E-02


 Atom reference number=84
      X         Y        Z          Average Cartesian coordinates (A) 
   5.03384   2.50548   2.51519

                  Uij (A^2)
   3.33217867E-02   4.65570996E-03   9.80857876E-04
   4.65570996E-03   4.82691713E-02   4.55891388E-03
   9.80857876E-04   4.55891388E-03   3.40578184E-02


 Atom reference number=85
      X         Y        Z          Average Cartesian coordinates (A) 
   0.00360   2.51776   2.51441

                  Uij (A^2)
   1.60029884E-02  -1.14326854E-03  -1.05547428E-03
  -1.14326854E-03   2.30376795E-02   2.67083920E-03
  -1.05547428E-03   2.67083920E-03   1.79047771E-02


 Atom reference number=86
      X         Y        Z          Average Cartesian coordinates (A) 
   5.03373   7.56070   7.56834

                  Uij (A^2)
   3.41130644E-02  -3.90707096E-03   9.82609461E-04
  -3.90707096E-03   5.24658337E-02   1.90487632E-03
   9.82609461E-04   1.90487632E-03   3.58949304E-02


 Atom reference number=87
      X         Y        Z          Average Cartesian coordinates (A) 
   5.04016   5.04944  -0.00593

                  Uij (A^2)
   1.63462162E-02   2.70979712E-03   2.81488826E-03
   2.70979712E-03   2.08312087E-02   7.82566261E-04
   2.81488826E-03   7.82566261E-04   1.95100289E-02


 Atom reference number=88
      X         Y        Z          Average Cartesian coordinates (A) 
   0.00631  -0.00038   5.03794

                  Uij (A^2)
   3.72317210E-02   1.95502723E-03   3.95372137E-03
   1.95502723E-03   4.93265539E-02  -4.17303294E-03
   3.95372137E-03  -4.17303294E-03   3.92554700E-02

