 atom reference_number  X_aver(frac)   Y_aver(frac)   Z_aver(frac)
         1             0.3748097      0.3752921      0.3747531
         2             0.3354422      0.1249038      0.1251139
         3            -0.0002771      0.0003246     -0.0001386
         4             0.4998413      0.5003449      0.5005096
         5             0.6255343      0.6251153      0.6251649
         6             0.6647113      0.8747597      0.8746773
         7             0.3757595      0.8749363      0.8750095
         8             0.4147687      0.1249324      0.6250421
         9             0.7494092      0.2500267      0.4999795
        10             0.2506980      0.7499991     -0.0001026
        11             0.6243756      0.1256084      0.1250463
        12             0.5853023      0.8750261      0.3748771
        13             0.2498064      0.7499203      0.4998518
        14             0.7499231      0.2501720     -0.0000464
        15             0.8750579      0.8747729      0.3753410
        16             0.9143803      0.6252667      0.6251375
        17             0.2497331      0.5000375      0.7503574
        18             0.7504570      0.0001361      0.2501474
        19             0.1253538      0.1248378      0.6251777
        20             0.0851976      0.3754252      0.3754923
        21             0.7496967      0.5002488      0.2501762
        22             0.2502442     -0.0002854      0.7503298
        23             0.8750754      0.3749422      0.8749868
        24             0.8353555      0.6250517      0.1253119
        25             0.4999859      0.7500636      0.2500463
        26            -0.0001806      0.2496770      0.7499934
        27             0.1245623      0.6252458      0.1245768
        28             0.1643800      0.3744277      0.8751734
        29             0.4997864      0.2497625      0.7499495
        30            -0.0004208      0.7501070      0.2496446
        31             0.1247554      0.3352699      0.1242939
        32             0.8749287      0.6646793      0.8750825
        33             0.6256080      0.4151172      0.1245016
        34             0.3750602      0.5851925      0.8749976
        35             0.6250575      0.9152648      0.6242872
        36             0.3753075      0.0856562      0.3750669
        37             0.1249558      0.8346196      0.6249859
        38             0.8746992      0.1644852      0.3754530
        39             0.1254020      0.1247268      0.3352702
        40             0.8747018      0.8741429      0.6652166
        41             0.1244199      0.6255602      0.4146921
        42             0.8750556      0.3749793      0.5847959
        43             0.6250808      0.6249117      0.9154738
        44             0.3751543      0.3747349      0.0853479
        45             0.6250272      0.1248535      0.8355351
        46             0.3749359      0.8754196      0.1653126
        47             0.8752680      0.5856038      0.3752353
        48             0.1247435      0.4144289      0.6252258
        49             0.3753092      0.1645547      0.8752050
        50             0.6249506      0.8352900      0.1250278
        51             0.1646545      0.8749505      0.3753164
        52             0.8352978      0.1247873      0.6248207
        53             0.5845686      0.3742287      0.8749931
        54             0.4157003      0.6247321      0.1251733
        55             0.8743334      0.3749422      0.1653027
        56             0.1246079      0.6245966      0.8357897
        57             0.3752807      0.8745277      0.5853229
        58             0.6248145      0.1250294      0.4137768
        59             0.3350307      0.6255183      0.6251223
        60            -0.0003445      0.5002621      0.5001317
        61             0.5001759     -0.0000988      0.0001249
        62             0.6646420      0.3751490      0.3752289
        63             0.7499489      0.7501411     -0.0002535
        64             0.2501139      0.2501668      0.4999598
        65             0.2503591      0.2499487     -0.0000363
        66             0.7501339      0.7496602      0.4999130
        67             0.9145921      0.1250854      0.1254577
        68             0.2502879      0.0001643      0.2500516
        69             0.7498421      0.4995132      0.7498898
        70             0.0851556      0.8748670      0.8748862
        71             0.7501597     -0.0001452      0.7500926
        72             0.2495742      0.4998680      0.2498362
        73             0.1256085      0.1250847      0.9153303
        74             0.8747895      0.8745734      0.0856169
        75             0.6251952      0.6247432      0.3347292
        76             0.3750723      0.3751255      0.6642267
        77             0.8748191      0.0859909      0.8750301
        78             0.1251089      0.9157749      0.1247032
        79             0.3746980      0.6645883      0.3749733
        80             0.6248688      0.3349921      0.6249848
        81             0.4998646      0.0002789      0.4996672
        82            -0.0006202      0.4996686      0.0005324
        83            -0.0000258      0.7498584      0.7499859
        84             0.5002859      0.2501796      0.2506186
        85             0.0004571      0.2499036      0.2499664
        86             0.5006042      0.7496387      0.7504710
        87             0.4998916      0.5000951     -0.0002529
        88             0.0001615      0.0000835      0.5000208

 Atom reference number= 1
      X         Y        Z          Average Cartesian coordinates (A) 
   3.81016   3.81506   3.80958

                  Uij (A^2)
   2.37509366E-02   1.80991727E-03   2.46509700E-03
   1.80991727E-03   1.78491473E-02  -9.66166088E-04
   2.46509700E-03  -9.66166088E-04   1.84471104E-02


 Atom reference number= 2
      X         Y        Z          Average Cartesian coordinates (A) 
   3.40996   1.26972   1.27185

                  Uij (A^2)
   2.36951038E-02  -1.61615517E-05   2.30204692E-04
  -1.61615517E-05   1.36856809E-02   5.94387297E-03
   2.30204692E-04   5.94387297E-03   1.42403301E-02


 Atom reference number= 3
      X         Y        Z          Average Cartesian coordinates (A) 
  -0.00282   0.00330  -0.00141

                  Uij (A^2)
   6.86792471E-03   9.32837953E-04   4.21292381E-04
   9.32837953E-04   6.03117794E-03   2.29510420E-04
   4.21292381E-04   2.29510420E-04   6.60177087E-03


 Atom reference number= 4
      X         Y        Z          Average Cartesian coordinates (A) 
   5.08117   5.08629   5.08797

                  Uij (A^2)
   2.48677395E-02  -1.50885154E-03   8.85585439E-04
  -1.50885154E-03   2.09025387E-02  -2.64556846E-03
   8.85585439E-04  -2.64556846E-03   2.04006750E-02


 Atom reference number= 5
      X         Y        Z          Average Cartesian coordinates (A) 
   6.35892   6.35466   6.35516

                  Uij (A^2)
   2.64119823E-02  -3.30541836E-04   2.19544047E-03
  -3.30541836E-04   1.89758502E-02   1.01895403E-05
   2.19544047E-03   1.01895403E-05   2.27065757E-02


 Atom reference number= 6
      X         Y        Z          Average Cartesian coordinates (A) 
   6.75717   8.89243   8.89160

                  Uij (A^2)
   2.28272490E-02  -1.48424806E-04   3.28909518E-04
  -1.48424806E-04   1.65334232E-02   6.12595957E-03
   3.28909518E-04   6.12595957E-03   1.32213058E-02


 Atom reference number= 7
      X         Y        Z          Average Cartesian coordinates (A) 
   3.81981   8.89423   8.89497

                  Uij (A^2)
   2.44966671E-02   1.42949124E-04   2.16193451E-03
   1.42949124E-04   1.87159516E-02  -3.34059959E-03
   2.16193451E-03  -3.34059959E-03   1.84247177E-02


 Atom reference number= 8
      X         Y        Z          Average Cartesian coordinates (A) 
   4.21636   1.27001   6.35391

                  Uij (A^2)
   2.25444045E-02  -4.33339999E-04   1.42893521E-03
  -4.33339999E-04   1.28779896E-02  -5.78659587E-03
   1.42893521E-03  -5.78659587E-03   1.41156437E-02


 Atom reference number= 9
      X         Y        Z          Average Cartesian coordinates (A) 
   7.61818   2.54166   5.08258

                  Uij (A^2)
   6.90679904E-03   6.91810565E-04  -7.07905856E-04
   6.91810565E-04   6.71410747E-03  -6.05396810E-04
  -7.07905856E-04  -6.05396810E-04   6.34429185E-03


 Atom reference number=10
      X         Y        Z          Average Cartesian coordinates (A) 
   2.54849   7.62417  -0.00104

                  Uij (A^2)
   2.75149811E-02  -2.65872292E-03   4.47541941E-03
  -2.65872292E-03   1.74990688E-02   1.44662312E-03
   4.47541941E-03   1.44662312E-03   1.96196884E-02


 Atom reference number=11
      X         Y        Z          Average Cartesian coordinates (A) 
   6.34714   1.27688   1.27117

                  Uij (A^2)
   2.63255406E-02  -5.81878820E-04   6.57372875E-04
  -5.81878820E-04   1.72227249E-02   4.77555266E-04
   6.57372875E-04   4.77555266E-04   1.97247658E-02


 Atom reference number=12
      X         Y        Z          Average Cartesian coordinates (A) 
   5.94993   8.89514   3.81084

                  Uij (A^2)
   2.32448652E-02  -2.05781369E-04   1.38116686E-03
  -2.05781369E-04   1.53930020E-02  -7.04685971E-03
   1.38116686E-03  -7.04685971E-03   1.56775340E-02


 Atom reference number=13
      X         Y        Z          Average Cartesian coordinates (A) 
   2.53943   7.62337   5.08128

                  Uij (A^2)
   7.02511473E-03   7.13684596E-04  -7.92580773E-04
   7.13684596E-04   5.89528773E-03  -1.36349990E-04
  -7.92580773E-04  -1.36349990E-04   5.55926701E-03


 Atom reference number=14
      X         Y        Z          Average Cartesian coordinates (A) 
   7.62340   2.54314  -0.00047

                  Uij (A^2)
   2.89482065E-02   1.16429997E-04   6.72740769E-03
   1.16429997E-04   1.87510233E-02   7.82020565E-04
   6.72740769E-03   7.82020565E-04   2.18108762E-02


 Atom reference number=15
      X         Y        Z          Average Cartesian coordinates (A) 
   8.89547   8.89257   3.81556

                  Uij (A^2)
   2.22491212E-02   5.90672716E-04   3.24951019E-04
   5.90672716E-04   1.67484824E-02  -7.99984671E-04
   3.24951019E-04  -7.99984671E-04   1.95052568E-02


 Atom reference number=16
      X         Y        Z          Average Cartesian coordinates (A) 
   9.29520   6.35620   6.35488

                  Uij (A^2)
   2.38152649E-02  -6.01142005E-04   6.58160832E-04
  -6.01142005E-04   1.56017169E-02  -6.56328630E-03
   6.58160832E-04  -6.56328630E-03   1.43437618E-02


 Atom reference number=17
      X         Y        Z          Average Cartesian coordinates (A) 
   2.53868   5.08317   7.62781

                  Uij (A^2)
   6.79225940E-03  -6.65534099E-05   9.81289311E-04
  -6.65534099E-05   6.21525990E-03  -7.12568930E-04
   9.81289311E-04  -7.12568930E-04   6.29324745E-03


 Atom reference number=18
      X         Y        Z          Average Cartesian coordinates (A) 
   7.62883   0.00138   2.54289

                  Uij (A^2)
   2.47870665E-02   3.01225972E-03  -7.68742932E-04
   3.01225972E-03   1.93389188E-02   1.74031337E-03
  -7.68742932E-04   1.74031337E-03   2.01226790E-02


 Atom reference number=19
      X         Y        Z          Average Cartesian coordinates (A) 
   1.27429   1.26905   6.35529

                  Uij (A^2)
   2.53273975E-02  -3.15019221E-04   2.23532855E-03
  -3.15019221E-04   1.54259764E-02  -1.08356262E-03
   2.23532855E-03  -1.08356262E-03   1.78555287E-02


 Atom reference number=20
      X         Y        Z          Average Cartesian coordinates (A) 
   0.86608   3.81641   3.81709

                  Uij (A^2)
   2.46439576E-02   7.13638554E-04   1.01057452E-03
   7.13638554E-04   1.53078884E-02  -6.33018650E-03
   1.01057452E-03  -6.33018650E-03   1.42312506E-02


 Atom reference number=21
      X         Y        Z          Average Cartesian coordinates (A) 
   7.62110   5.08532   2.54319

                  Uij (A^2)
   5.87490527E-03  -6.82897284E-04   3.38801823E-04
  -6.82897284E-04   5.66741731E-03  -4.43941855E-04
   3.38801823E-04  -4.43941855E-04   5.99629944E-03


 Atom reference number=22
      X         Y        Z          Average Cartesian coordinates (A) 
   2.54388  -0.00290   7.62753

                  Uij (A^2)
   2.55655888E-02   2.51388806E-03   1.22850016E-03
   2.51388806E-03   1.91661809E-02   1.42272958E-03
   1.22850016E-03   1.42272958E-03   1.95968132E-02


 Atom reference number=23
      X         Y        Z          Average Cartesian coordinates (A) 
   8.89564   3.81150   8.89474

                  Uij (A^2)
   2.40262598E-02   1.16633996E-03   2.81655788E-03
   1.16633996E-03   1.80943888E-02  -1.47776597E-03
   2.81655788E-03  -1.47776597E-03   2.07710247E-02


 Atom reference number=24
      X         Y        Z          Average Cartesian coordinates (A) 
   8.49187   6.35401   1.27387

                  Uij (A^2)
   2.53060106E-02   3.44912027E-04   1.39117357E-03
   3.44912027E-04   1.17945243E-02   4.99072438E-03
   1.39117357E-03   4.99072438E-03   1.33686597E-02


 Atom reference number=25
      X         Y        Z          Average Cartesian coordinates (A) 
   5.08264   7.62483   2.54186

                  Uij (A^2)
   6.33652089E-03  -4.03428248E-06  -4.46214020E-04
  -4.03428248E-06   6.02092175E-03   4.27707768E-04
  -4.46214020E-04   4.27707768E-04   6.79004192E-03


 Atom reference number=26
      X         Y        Z          Average Cartesian coordinates (A) 
  -0.00184   2.53811   7.62411

                  Uij (A^2)
   2.91616078E-02   4.01852326E-03   6.86055468E-03
   4.01852326E-03   1.89830977E-02  -2.87585915E-03
   6.86055468E-03  -2.87585915E-03   2.32788157E-02


 Atom reference number=27
      X         Y        Z          Average Cartesian coordinates (A) 
   1.26625   6.35598   1.26639

                  Uij (A^2)
   2.15091705E-02   9.67799162E-04   2.85920082E-03
   9.67799162E-04   1.81120392E-02  -7.03684636E-04
   2.85920082E-03  -7.03684636E-04   1.75678674E-02


 Atom reference number=28
      X         Y        Z          Average Cartesian coordinates (A) 
   1.67102   3.80627   8.89664

                  Uij (A^2)
   2.66563483E-02   2.06912239E-03   2.08103564E-03
   2.06912239E-03   1.44160371E-02   6.15485199E-03
   2.08103564E-03   6.15485199E-03   1.60569586E-02


 Atom reference number=29
      X         Y        Z          Average Cartesian coordinates (A) 
   5.08062   2.53898   7.62367

                  Uij (A^2)
   6.21894142E-03  -2.95363396E-04  -6.12783188E-05
  -2.95363396E-04   6.48496021E-03   5.80674736E-04
  -6.12783188E-05   5.80674736E-04   5.76947071E-03


 Atom reference number=30
      X         Y        Z          Average Cartesian coordinates (A) 
  -0.00428   7.62527   2.53778

                  Uij (A^2)
   2.51577497E-02   2.54450412E-03   4.98023303E-03
   2.54450412E-03   1.99463330E-02  -3.08138714E-03
   4.98023303E-03  -3.08138714E-03   2.13801488E-02


 Atom reference number=31
      X         Y        Z          Average Cartesian coordinates (A) 
   1.26821   3.40821   1.26352

                  Uij (A^2)
   1.69074442E-02   4.09136439E-04   7.11885374E-03
   4.09136439E-04   2.29926370E-02  -1.66813523E-04
   7.11885374E-03  -1.66813523E-04   1.58473495E-02


 Atom reference number=32
      X         Y        Z          Average Cartesian coordinates (A) 
   8.89415   6.75685   8.89572

                  Uij (A^2)
   1.64877288E-02   9.01853666E-04   7.40286941E-03
   9.01853666E-04   2.16658171E-02   4.13446804E-04
   7.40286941E-03   4.13446804E-04   1.46063985E-02


 Atom reference number=33
      X         Y        Z          Average Cartesian coordinates (A) 
   6.35966   4.21990   1.26563

                  Uij (A^2)
   1.60751417E-02  -4.36328206E-04  -5.98393474E-03
  -4.36328206E-04   2.08124481E-02   3.32987955E-04
  -5.98393474E-03   3.32987955E-04   1.42639233E-02


 Atom reference number=34
      X         Y        Z          Average Cartesian coordinates (A) 
   3.81270   5.94882   8.89485

                  Uij (A^2)
   1.41809639E-02  -8.64400936E-05  -4.06586565E-03
  -8.64400936E-05   2.11150199E-02   6.55555166E-04
  -4.06586565E-03   6.55555166E-04   1.28348609E-02


 Atom reference number=35
      X         Y        Z          Average Cartesian coordinates (A) 
   6.35407   9.30419   6.34624

                  Uij (A^2)
   1.60947498E-02   5.18362445E-04  -5.07897371E-03
   5.18362445E-04   2.15738025E-02   2.12004234E-04
  -5.07897371E-03   2.12004234E-04   1.30003514E-02


 Atom reference number=36
      X         Y        Z          Average Cartesian coordinates (A) 
   3.81522   0.87074   3.81277

                  Uij (A^2)
   1.48955323E-02   5.60132139E-05  -4.86209197E-03
   5.60132139E-05   2.25030817E-02  -5.68149262E-04
  -4.86209197E-03  -5.68149262E-04   1.39947766E-02


 Atom reference number=37
      X         Y        Z          Average Cartesian coordinates (A) 
   1.27025   8.48439   6.35334

                  Uij (A^2)
   1.64970346E-02  -9.85672115E-04   5.76660503E-03
  -9.85672115E-04   2.26929653E-02  -1.08028366E-03
   5.76660503E-03  -1.08028366E-03   1.33747952E-02


 Atom reference number=38
      X         Y        Z          Average Cartesian coordinates (A) 
   8.89182   1.67209   3.81670

                  Uij (A^2)
   1.64203867E-02  -3.16288613E-04   7.01824902E-03
  -3.16288613E-04   2.02188939E-02  -4.21371515E-04
   7.01824902E-03  -4.21371515E-04   1.55911483E-02


 Atom reference number=39
      X         Y        Z          Average Cartesian coordinates (A) 
   1.27478   1.26792   3.40821

                  Uij (A^2)
   1.67442486E-02   6.62143063E-03   2.00518011E-03
   6.62143063E-03   1.43699786E-02   5.79505904E-05
   2.00518011E-03   5.79505904E-05   2.32782923E-02


 Atom reference number=40
      X         Y        Z          Average Cartesian coordinates (A) 
   8.89185   8.88616   6.76231

                  Uij (A^2)
   1.66845080E-02   6.92820083E-03   1.20352383E-03
   6.92820083E-03   1.48146478E-02   9.62519087E-04
   1.20352383E-03   9.62519087E-04   2.08820570E-02


 Atom reference number=41
      X         Y        Z          Average Cartesian coordinates (A) 
   1.26480   6.35918   4.21558

                  Uij (A^2)
   1.56889856E-02  -6.04462065E-03   5.28140226E-04
  -6.04462065E-03   1.31563731E-02  -1.26293907E-03
   5.28140226E-04  -1.26293907E-03   2.18536779E-02


 Atom reference number=42
      X         Y        Z          Average Cartesian coordinates (A) 
   8.89544   3.81188   5.94479

                  Uij (A^2)
   1.59921553E-02  -6.65254146E-03   1.58390624E-03
  -6.65254146E-03   1.39173595E-02  -1.90449704E-03
   1.58390624E-03  -1.90449704E-03   2.38289330E-02


 Atom reference number=43
      X         Y        Z          Average Cartesian coordinates (A) 
   6.35431   6.35259   9.30632

                  Uij (A^2)
   1.70071330E-02  -7.62222568E-03  -2.55507010E-04
  -7.62222568E-03   1.42030641E-02  -7.12899957E-04
  -2.55507010E-04  -7.12899957E-04   2.21982431E-02


 Atom reference number=44
      X         Y        Z          Average Cartesian coordinates (A) 
   3.81366   3.80940   0.86761

                  Uij (A^2)
   1.60133112E-02  -6.76530413E-03   2.54534255E-03
  -6.76530413E-03   1.52751589E-02  -1.20234699E-03
   2.54534255E-03  -1.20234699E-03   2.32740249E-02


 Atom reference number=45
      X         Y        Z          Average Cartesian coordinates (A) 
   6.35376   1.26921   8.49369

                  Uij (A^2)
   1.57532133E-02   6.76870532E-03   6.74096460E-04
   6.76870532E-03   1.42332548E-02  -2.06297249E-04
   6.74096460E-04  -2.06297249E-04   2.27510817E-02


 Atom reference number=46
      X         Y        Z          Average Cartesian coordinates (A) 
   3.81144   8.89914   1.68050

                  Uij (A^2)
   1.54450722E-02   5.15016215E-03   7.97169574E-04
   5.15016215E-03   1.32024819E-02  -9.72145004E-04
   7.97169574E-04  -9.72145004E-04   2.10682061E-02


 Atom reference number=47
      X         Y        Z          Average Cartesian coordinates (A) 
   8.89760   5.95300   3.81448

                  Uij (A^2)
   1.45358853E-02   1.58282311E-03  -5.64239733E-03
   1.58282311E-03   2.10366789E-02   6.89981971E-05
  -5.64239733E-03   6.89981971E-05   1.42075578E-02


 Atom reference number=48
      X         Y        Z          Average Cartesian coordinates (A) 
   1.26809   4.21291   6.35578

                  Uij (A^2)
   1.72962509E-02   1.52475422E-03  -4.78334492E-03
   1.52475422E-03   2.22752988E-02  -4.85982542E-04
  -4.78334492E-03  -4.85982542E-04   1.34538375E-02


 Atom reference number=49
      X         Y        Z          Average Cartesian coordinates (A) 
   3.81523   1.67279   8.89696

                  Uij (A^2)
   1.83730219E-02  -8.68515577E-04   9.08196159E-03
  -8.68515577E-04   2.04479862E-02  -2.00852798E-03
   9.08196159E-03  -2.00852798E-03   1.74332466E-02


 Atom reference number=50
      X         Y        Z          Average Cartesian coordinates (A) 
   6.35298   8.49120   1.27098

                  Uij (A^2)
   1.84984691E-02   4.07446496E-05   7.77233159E-03
   4.07446496E-05   2.05202755E-02   2.88420648E-04
   7.77233159E-03   2.88420648E-04   1.55637888E-02


 Atom reference number=51
      X         Y        Z          Average Cartesian coordinates (A) 
   1.67381   8.89437   3.81531

                  Uij (A^2)
   2.32621897E-02  -1.46079226E-04  -2.76842708E-04
  -1.46079226E-04   1.56229148E-02   5.55602228E-03
  -2.76842708E-04   5.55602228E-03   1.46088609E-02


 Atom reference number=52
      X         Y        Z          Average Cartesian coordinates (A) 
   8.49128   1.26853   6.35166

                  Uij (A^2)
   2.70495191E-02   3.85871128E-04   1.08432258E-03
   3.85871128E-04   1.57547016E-02   6.94042118E-03
   1.08432258E-03   6.94042118E-03   1.54983057E-02


 Atom reference number=53
      X         Y        Z          Average Cartesian coordinates (A) 
   5.94248   3.80425   8.89481

                  Uij (A^2)
   2.62814108E-02  -1.87047641E-03   8.85469664E-04
  -1.87047641E-03   1.53864250E-02  -6.38680486E-03
   8.85469664E-04  -6.38680486E-03   1.55137163E-02


 Atom reference number=54
      X         Y        Z          Average Cartesian coordinates (A) 
   4.22583   6.35076   1.27246

                  Uij (A^2)
   2.42613163E-02  -2.16871354E-04   1.31629198E-03
  -2.16871354E-04   1.37522249E-02  -5.87256812E-03
   1.31629198E-03  -5.87256812E-03   1.39047438E-02


 Atom reference number=55
      X         Y        Z          Average Cartesian coordinates (A) 
   8.88810   3.81150   1.68040

                  Uij (A^2)
   1.53131904E-02   5.64322900E-03   3.27375688E-04
   5.64322900E-03   1.35561218E-02  -2.96439073E-04
   3.27375688E-04  -2.96439073E-04   1.92985423E-02


 Atom reference number=56
      X         Y        Z          Average Cartesian coordinates (A) 
   1.26671   6.34938   8.49628

                  Uij (A^2)
   1.54977236E-02   5.98964654E-03   7.95944827E-04
   5.98964654E-03   1.34132961E-02  -5.07758581E-04
   7.95944827E-04  -5.07758581E-04   2.08729096E-02


 Atom reference number=57
      X         Y        Z          Average Cartesian coordinates (A) 
   3.81494   8.89008   5.95014

                  Uij (A^2)
   1.65045690E-02  -6.23398460E-03   1.34014490E-03
  -6.23398460E-03   1.47710135E-02  -2.28417083E-03
   1.34014490E-03  -2.28417083E-03   2.15458237E-02


 Atom reference number=58
      X         Y        Z          Average Cartesian coordinates (A) 
   6.35160   1.27100   4.20628

                  Uij (A^2)
   1.49968164E-02  -5.72276115E-03   8.12556900E-05
  -5.72276115E-03   1.43563114E-02   5.53593389E-04
   8.12556900E-05   5.53593389E-04   1.95283405E-02


 Atom reference number=59
      X         Y        Z          Average Cartesian coordinates (A) 
   3.40578   6.35875   6.35473

                  Uij (A^2)
   2.33556349E-02   2.33531534E-03   1.65197032E-03
   2.33531534E-03   1.40545908E-02   6.05766010E-03
   1.65197032E-03   6.05766010E-03   1.39169144E-02


 Atom reference number=60
      X         Y        Z          Average Cartesian coordinates (A) 
  -0.00350   5.08545   5.08413

                  Uij (A^2)
   6.24172436E-03   2.87570962E-04   3.56431236E-04
   2.87570962E-04   5.66319330E-03   6.12288190E-04
   3.56431236E-04   6.12288190E-04   6.91246660E-03


 Atom reference number=61
      X         Y        Z          Average Cartesian coordinates (A) 
   5.08458  -0.00100   0.00127

                  Uij (A^2)
   2.82839164E-02  -2.36031064E-03   3.86536238E-04
  -2.36031064E-03   2.12401003E-02  -3.69650661E-03
   3.86536238E-04  -3.69650661E-03   2.00836472E-02


 Atom reference number=62
      X         Y        Z          Average Cartesian coordinates (A) 
   6.75647   3.81361   3.81442

                  Uij (A^2)
   2.46638246E-02  -5.73161000E-04   1.99992396E-03
  -5.73161000E-04   1.46892676E-02   6.77648606E-03
   1.99992396E-03   6.77648606E-03   1.52854463E-02


 Atom reference number=63
      X         Y        Z          Average Cartesian coordinates (A) 
   7.62366   7.62562  -0.00258

                  Uij (A^2)
   6.71765115E-03   3.80341487E-04  -3.49095411E-04
   3.80341487E-04   5.90424612E-03  -5.80073509E-04
  -3.49095411E-04  -5.80073509E-04   6.80909725E-03


 Atom reference number=64
      X         Y        Z          Average Cartesian coordinates (A) 
   2.54255   2.54309   5.08238

                  Uij (A^2)
   2.72564273E-02  -2.19404930E-03   6.13398151E-03
  -2.19404930E-03   1.82514433E-02   3.10414725E-06
   6.13398151E-03   3.10414725E-06   1.97835565E-02


 Atom reference number=65
      X         Y        Z          Average Cartesian coordinates (A) 
   2.54504   2.54087  -0.00037

                  Uij (A^2)
   6.35353848E-03   5.46484778E-04   2.52099362E-05
   5.46484778E-04   6.01912057E-03  -9.96535382E-05
   2.52099362E-05  -9.96535382E-05   5.88343758E-03


 Atom reference number=66
      X         Y        Z          Average Cartesian coordinates (A) 
   7.62554   7.62073   5.08190

                  Uij (A^2)
   2.46871244E-02  -1.51360419E-03   5.62938070E-03
  -1.51360419E-03   1.89682618E-02   3.98147386E-03
   5.62938070E-03   3.98147386E-03   2.22619046E-02


 Atom reference number=67
      X         Y        Z          Average Cartesian coordinates (A) 
   9.29735   1.27156   1.27535

                  Uij (A^2)
   2.18065903E-02  -4.25019825E-04  -1.53045941E-04
  -4.25019825E-04   1.37504358E-02  -5.79889305E-03
  -1.53045941E-04  -5.79889305E-03   1.46238804E-02


 Atom reference number=68
      X         Y        Z          Average Cartesian coordinates (A) 
   2.54432   0.00167   2.54192

                  Uij (A^2)
   7.25259027E-03  -4.23113321E-04   7.60871742E-04
  -4.23113321E-04   6.09367620E-03  -6.85895910E-04
   7.60871742E-04  -6.85895910E-04   6.34095026E-03


 Atom reference number=69
      X         Y        Z          Average Cartesian coordinates (A) 
   7.62258   5.07784   7.62306

                  Uij (A^2)
   2.83094160E-02   9.92940855E-04   3.27012349E-05
   9.92940855E-04   1.98183749E-02   3.17885610E-03
   3.27012349E-05   3.17885610E-03   1.93555765E-02


 Atom reference number=70
      X         Y        Z          Average Cartesian coordinates (A) 
   0.86566   8.89352   8.89372

                  Uij (A^2)
   2.32557599E-02  -4.24992788E-04   1.90766540E-03
  -4.24992788E-04   1.63784716E-02  -6.41972944E-03
   1.90766540E-03  -6.41972944E-03   1.37936389E-02


 Atom reference number=71
      X         Y        Z          Average Cartesian coordinates (A) 
   7.62580  -0.00148   7.62512

                  Uij (A^2)
   6.12325734E-03   1.00499827E-04   1.20249664E-04
   1.00499827E-04   5.36180381E-03  -5.79695450E-04
   1.20249664E-04  -5.79695450E-04   5.75311808E-03


 Atom reference number=72
      X         Y        Z          Average Cartesian coordinates (A) 
   2.53707   5.08145   2.53973

                  Uij (A^2)
   2.31049377E-02   3.81788844E-03  -5.07658347E-04
   3.81788844E-03   1.94325596E-02   1.41484733E-03
  -5.07658347E-04   1.41484733E-03   1.76404379E-02


 Atom reference number=73
      X         Y        Z          Average Cartesian coordinates (A) 
   1.27688   1.27156   9.30486

                  Uij (A^2)
   1.52987633E-02  -6.14323188E-03   1.34839991E-03
  -6.14323188E-03   1.44626424E-02  -9.53336305E-04
   1.34839991E-03  -9.53336305E-04   2.25777701E-02


 Atom reference number=74
      X         Y        Z          Average Cartesian coordinates (A) 
   8.89274   8.89054   0.87034

                  Uij (A^2)
   1.52736474E-02  -6.56712707E-03   1.15819206E-03
  -6.56712707E-03   1.44160874E-02  -1.29708636E-03
   1.15819206E-03  -1.29708636E-03   2.19732393E-02


 Atom reference number=75
      X         Y        Z          Average Cartesian coordinates (A) 
   6.35547   6.35087   3.40271

                  Uij (A^2)
   1.36084482E-02   5.80869149E-03   2.16253917E-04
   5.80869149E-03   1.25236735E-02  -8.57448496E-04
   2.16253917E-04  -8.57448496E-04   2.14535389E-02


 Atom reference number=76
      X         Y        Z          Average Cartesian coordinates (A) 
   3.81283   3.81337   6.75225

                  Uij (A^2)
   1.52997393E-02   5.32864314E-03  -2.88423878E-04
   5.32864314E-03   1.42726870E-02  -1.23498903E-03
  -2.88423878E-04  -1.23498903E-03   2.14157887E-02


 Atom reference number=77
      X         Y        Z          Average Cartesian coordinates (A) 
   8.89304   0.87415   8.89518

                  Uij (A^2)
   1.60915758E-02   1.41237141E-03  -5.11249574E-03
   1.41237141E-03   2.30121855E-02  -1.25668466E-03
  -5.11249574E-03  -1.25668466E-03   1.46268066E-02


 Atom reference number=78
      X         Y        Z          Average Cartesian coordinates (A) 
   1.27180   9.30938   1.26768

                  Uij (A^2)
   1.57895517E-02   3.47531575E-04  -5.29326918E-03
   3.47531575E-04   2.15808414E-02   1.00771326E-03
  -5.29326918E-03   1.00771326E-03   1.34985028E-02


 Atom reference number=79
      X         Y        Z          Average Cartesian coordinates (A) 
   3.80902   6.75592   3.81182

                  Uij (A^2)
   1.56651456E-02   1.32603419E-03   6.57155784E-03
   1.32603419E-03   2.14945283E-02  -6.52847084E-05
   6.57155784E-03  -6.52847084E-05   1.51968412E-02


 Atom reference number=80
      X         Y        Z          Average Cartesian coordinates (A) 
   6.35215   3.40539   6.35333

                  Uij (A^2)
   1.79462023E-02   5.92242985E-04   7.45191192E-03
   5.92242985E-04   2.25210395E-02   7.55869725E-04
   7.45191192E-03   7.55869725E-04   1.52961444E-02


 Atom reference number=81
      X         Y        Z          Average Cartesian coordinates (A) 
   5.08141   0.00283   5.07940

                  Uij (A^2)
   7.05635035E-03   8.99910345E-04   6.59252866E-04
   8.99910345E-04   5.89954946E-03   4.17444709E-04
   6.59252866E-04   4.17444709E-04   6.56272378E-03


 Atom reference number=82
      X         Y        Z          Average Cartesian coordinates (A) 
  -0.00631   5.07942   0.00541

                  Uij (A^2)
   2.32412461E-02  -2.88423779E-03  -4.22415615E-04
  -2.88423779E-03   1.93529595E-02  -9.61070415E-04
  -4.22415615E-04  -9.61070415E-04   2.12153401E-02


 Atom reference number=83
      X         Y        Z          Average Cartesian coordinates (A) 
  -0.00026   7.62274   7.62404

                  Uij (A^2)
   5.93705894E-03  -6.50067814E-04  -5.62427449E-04
  -6.50067814E-04   6.47539552E-03   5.23356430E-04
  -5.62427449E-04   5.23356430E-04   5.67533029E-03


 Atom reference number=84
      X         Y        Z          Average Cartesian coordinates (A) 
   5.08569   2.54322   2.54768

                  Uij (A^2)
   2.62461696E-02   3.30013270E-03   4.01054136E-03
   3.30013270E-03   1.65184550E-02  -3.37546505E-03
   4.01054136E-03  -3.37546505E-03   2.27925405E-02


 Atom reference number=85
      X         Y        Z          Average Cartesian coordinates (A) 
   0.00465   2.54041   2.54105

                  Uij (A^2)
   6.64393231E-03  -2.22942253E-04  -3.70678114E-04
  -2.22942253E-04   5.86872688E-03   3.67275527E-04
  -3.70678114E-04   3.67275527E-04   6.77890750E-03


 Atom reference number=86
      X         Y        Z          Average Cartesian coordinates (A) 
   5.08893   7.62051   7.62897

                  Uij (A^2)
   2.72036418E-02   2.59275059E-03   5.35055529E-03
   2.59275059E-03   1.72766745E-02  -3.94357275E-03
   5.35055529E-03  -3.94357275E-03   2.28938460E-02


 Atom reference number=87
      X         Y        Z          Average Cartesian coordinates (A) 
   5.08169   5.08375  -0.00257

                  Uij (A^2)
   6.51426613E-03   2.59199296E-04  -1.09135450E-04
   2.59199296E-04   6.35200832E-03   5.22771035E-04
  -1.09135450E-04   5.22771035E-04   6.29969919E-03


 Atom reference number=88
      X         Y        Z          Average Cartesian coordinates (A) 
   0.00164   0.00085   5.08300

                  Uij (A^2)
   2.60627232E-02  -4.04036324E-03   6.04241563E-04
  -4.04036324E-03   1.96025334E-02  -2.28323857E-03
   6.04241563E-04  -2.28323857E-03   2.29369756E-02

