 atom reference_number  X_aver(frac)   Y_aver(frac)   Z_aver(frac)
         1             0.3748097      0.3752921      0.3747531
         2             0.3354422      0.1249039      0.1251138
         3            -0.0002770      0.0003245     -0.0001387
         4             0.4998414      0.5003449      0.5005097
         5             0.6255342      0.6251151      0.6251649
         6             0.6647112      0.8747596      0.8746772
         7             0.3757595      0.8749363      0.8750096
         8             0.4147689      0.1249325      0.6250420
         9             0.7494091      0.2500267      0.4999795
        10             0.2506980      0.7499990     -0.0001027
        11             0.6243756      0.1256084      0.1250462
        12             0.5853024      0.8750260      0.3748771
        13             0.2498065      0.7499202      0.4998518
        14             0.7499229      0.2501721     -0.0000464
        15             0.8750579      0.8747726      0.3753408
        16             0.9143802      0.6252667      0.6251376
        17             0.2497332      0.5000376      0.7503572
        18             0.7504568      0.0001362      0.2501473
        19             0.1253537      0.1248379      0.6251778
        20             0.0851976      0.3754252      0.3754924
        21             0.7496967      0.5002489      0.2501761
        22             0.2502442     -0.0002855      0.7503297
        23             0.8750754      0.3749423      0.8749869
        24             0.8353555      0.6250518      0.1253121
        25             0.4999859      0.7500635      0.2500464
        26            -0.0001807      0.2496770      0.7499933
        27             0.1245624      0.6252459      0.1245767
        28             0.1643801      0.3744277      0.8751733
        29             0.4997866      0.2497624      0.7499495
        30            -0.0004206      0.7501070      0.2496447
        31             0.1247555      0.3352700      0.1242941
        32             0.8749289      0.6646794      0.8750824
        33             0.6256082      0.4151172      0.1245015
        34             0.3750603      0.5851925      0.8749975
        35             0.6250575      0.9152647      0.6242871
        36             0.3753074      0.0856562      0.3750669
        37             0.1249558      0.8346196      0.6249859
        38             0.8746992      0.1644851      0.3754530
        39             0.1254020      0.1247269      0.3352702
        40             0.8747019      0.8741429      0.6652167
        41             0.1244199      0.6255601      0.4146921
        42             0.8750557      0.3749794      0.5847958
        43             0.6250809      0.6249117      0.9154738
        44             0.3751543      0.3747351      0.0853480
        45             0.6250273      0.1248533      0.8355352
        46             0.3749359      0.8754195      0.1653127
        47             0.8752680      0.5856037      0.3752352
        48             0.1247435      0.4144290      0.6252259
        49             0.3753093      0.1645546      0.8752051
        50             0.6249507      0.8352900      0.1250278
        51             0.1646545      0.8749504      0.3753165
        52             0.8352978      0.1247873      0.6248207
        53             0.5845686      0.3742288      0.8749932
        54             0.4157003      0.6247322      0.1251733
        55             0.8743335      0.3749422      0.1653028
        56             0.1246079      0.6245966      0.8357897
        57             0.3752806      0.8745277      0.5853229
        58             0.6248144      0.1250292      0.4137767
        59             0.3350306      0.6255184      0.6251223
        60            -0.0003446      0.5002620      0.5001317
        61             0.5001758     -0.0000987      0.0001249
        62             0.6646419      0.3751492      0.3752289
        63             0.7499489      0.7501411     -0.0002534
        64             0.2501140      0.2501667      0.4999597
        65             0.2503593      0.2499487     -0.0000363
        66             0.7501339      0.7496602      0.4999129
        67             0.9145921      0.1250854      0.1254577
        68             0.2502879      0.0001642      0.2500516
        69             0.7498423      0.4995131      0.7498898
        70             0.0851557      0.8748671      0.8748862
        71             0.7501595     -0.0001451      0.7500927
        72             0.2495743      0.4998681      0.2498362
        73             0.1256087      0.1250848      0.9153303
        74             0.8747895      0.8745734      0.0856169
        75             0.6251952      0.6247430      0.3347294
        76             0.3750723      0.3751255      0.6642267
        77             0.8748191      0.0859910      0.8750302
        78             0.1251089      0.9157748      0.1247031
        79             0.3746980      0.6645883      0.3749733
        80             0.6248688      0.3349922      0.6249848
        81             0.4998646      0.0002788      0.4996672
        82            -0.0006203      0.4996685      0.0005323
        83            -0.0000258      0.7498586      0.7499859
        84             0.5002859      0.2501796      0.2506188
        85             0.0004570      0.2499034      0.2499664
        86             0.5006041      0.7496387      0.7504712
        87             0.4998917      0.5000951     -0.0002529
        88             0.0001614      0.0000835      0.5000208

 Atom reference number= 1
      X         Y        Z          Average Cartesian coordinates (A) 
   3.81016   3.81506   3.80958

                  Uij (A^2)
   2.37503871E-02   1.80968514E-03   2.46525044E-03
   1.80968514E-03   1.78493895E-02  -9.66348744E-04
   2.46525044E-03  -9.66348744E-04   1.84466522E-02


 Atom reference number= 2
      X         Y        Z          Average Cartesian coordinates (A) 
   3.40996   1.26972   1.27185

                  Uij (A^2)
   2.36952957E-02  -1.61152493E-05   2.30022008E-04
  -1.61152493E-05   1.36860153E-02   5.94385341E-03
   2.30022008E-04   5.94385341E-03   1.42403170E-02


 Atom reference number= 3
      X         Y        Z          Average Cartesian coordinates (A) 
  -0.00282   0.00330  -0.00141

                  Uij (A^2)
   6.86778780E-03   9.32835857E-04   4.21203702E-04
   9.32835857E-04   6.03101822E-03   2.29549754E-04
   4.21203702E-04   2.29549754E-04   6.60197716E-03


 Atom reference number= 4
      X         Y        Z          Average Cartesian coordinates (A) 
   5.08117   5.08629   5.08797

                  Uij (A^2)
   2.48674266E-02  -1.50866923E-03   8.85454065E-04
  -1.50866923E-03   2.09021270E-02  -2.64510093E-03
   8.85454065E-04  -2.64510093E-03   2.04006024E-02


 Atom reference number= 5
      X         Y        Z          Average Cartesian coordinates (A) 
   6.35891   6.35465   6.35516

                  Uij (A^2)
   2.64120251E-02  -3.30450712E-04   2.19537085E-03
  -3.30450712E-04   1.89755503E-02   1.03268876E-05
   2.19537085E-03   1.03268876E-05   2.27064136E-02


 Atom reference number= 6
      X         Y        Z          Average Cartesian coordinates (A) 
   6.75717   8.89243   8.89160

                  Uij (A^2)
   2.28275228E-02  -1.48550156E-04   3.28714261E-04
  -1.48550156E-04   1.65333692E-02   6.12598145E-03
   3.28714261E-04   6.12598145E-03   1.32211037E-02


 Atom reference number= 7
      X         Y        Z          Average Cartesian coordinates (A) 
   3.81981   8.89423   8.89497

                  Uij (A^2)
   2.44964473E-02   1.43092155E-04   2.16221740E-03
   1.43092155E-04   1.87161416E-02  -3.34057189E-03
   2.16221740E-03  -3.34057189E-03   1.84248593E-02


 Atom reference number= 8
      X         Y        Z          Average Cartesian coordinates (A) 
   4.21636   1.27001   6.35391

                  Uij (A^2)
   2.25441139E-02  -4.33142559E-04   1.42919144E-03
  -4.33142559E-04   1.28779896E-02  -5.78674302E-03
   1.42919144E-03  -5.78674302E-03   1.41158057E-02


 Atom reference number= 9
      X         Y        Z          Average Cartesian coordinates (A) 
   7.61817   2.54167   5.08258

                  Uij (A^2)
   6.90685166E-03   6.91789377E-04  -7.07948697E-04
   6.91789377E-04   6.71418011E-03  -6.05592213E-04
  -7.07948697E-04  -6.05592213E-04   6.34421082E-03


 Atom reference number=10
      X         Y        Z          Average Cartesian coordinates (A) 
   2.54849   7.62417  -0.00104

                  Uij (A^2)
   2.75147576E-02  -2.65858625E-03   4.47555585E-03
  -2.65858625E-03   1.74989663E-02   1.44676666E-03
   4.47555585E-03   1.44676666E-03   1.96196586E-02


 Atom reference number=11
      X         Y        Z          Average Cartesian coordinates (A) 
   6.34714   1.27688   1.27117

                  Uij (A^2)
   2.63258722E-02  -5.81617700E-04   6.57345809E-04
  -5.81617700E-04   1.72228236E-02   4.77734429E-04
   6.57345809E-04   4.77734429E-04   1.97245292E-02


 Atom reference number=12
      X         Y        Z          Average Cartesian coordinates (A) 
   5.94994   8.89514   3.81084

                  Uij (A^2)
   2.32454594E-02  -2.05555800E-04   1.38120947E-03
  -2.05555800E-04   1.53929638E-02  -7.04683037E-03
   1.38120947E-03  -7.04683037E-03   1.56774074E-02


 Atom reference number=13
      X         Y        Z          Average Cartesian coordinates (A) 
   2.53943   7.62337   5.08128

                  Uij (A^2)
   7.02517433E-03   7.13625108E-04  -7.92642531E-04
   7.13625108E-04   5.89523558E-03  -1.36356568E-04
  -7.92642531E-04  -1.36356568E-04   5.55946911E-03


 Atom reference number=14
      X         Y        Z          Average Cartesian coordinates (A) 
   7.62340   2.54314  -0.00047

                  Uij (A^2)
   2.89484356E-02   1.16368727E-04   6.72749057E-03
   1.16368727E-04   1.87516455E-02   7.82016839E-04
   6.72749057E-03   7.82016839E-04   2.18109600E-02


 Atom reference number=15
      X         Y        Z          Average Cartesian coordinates (A) 
   8.89547   8.89257   3.81555

                  Uij (A^2)
   2.22489070E-02   5.90811018E-04   3.24784778E-04
   5.90811018E-04   1.67484879E-02  -7.99936533E-04
   3.24784778E-04  -7.99936533E-04   1.95051488E-02


 Atom reference number=16
      X         Y        Z          Average Cartesian coordinates (A) 
   9.29520   6.35620   6.35488

                  Uij (A^2)
   2.38153338E-02  -6.01335836E-04   6.58166711E-04
  -6.01335836E-04   1.56022515E-02  -6.56342367E-03
   6.58166711E-04  -6.56342367E-03   1.43436557E-02


 Atom reference number=17
      X         Y        Z          Average Cartesian coordinates (A) 
   2.53868   5.08317   7.62781

                  Uij (A^2)
   6.79220725E-03  -6.67304048E-05   9.81111894E-04
  -6.67304048E-05   6.21537259E-03  -7.12627254E-04
   9.81111894E-04  -7.12627254E-04   6.29307423E-03


 Atom reference number=18
      X         Y        Z          Average Cartesian coordinates (A) 
   7.62882   0.00138   2.54289

                  Uij (A^2)
   2.47871708E-02   3.01199057E-03  -7.68772617E-04
   3.01199057E-03   1.93390418E-02   1.74023292E-03
  -7.68772617E-04   1.74023292E-03   2.01229341E-02


 Atom reference number=19
      X         Y        Z          Average Cartesian coordinates (A) 
   1.27429   1.26905   6.35529

                  Uij (A^2)
   2.53276713E-02  -3.15069949E-04   2.23556766E-03
  -3.15069949E-04   1.54259214E-02  -1.08367810E-03
   2.23556766E-03  -1.08367810E-03   1.78556610E-02


 Atom reference number=20
      X         Y        Z          Average Cartesian coordinates (A) 
   0.86608   3.81641   3.81710

                  Uij (A^2)
   2.46441886E-02   7.13639078E-04   1.01038476E-03
   7.13639078E-04   1.53078558E-02  -6.33032434E-03
   1.01038476E-03  -6.33032434E-03   1.42318280E-02


 Atom reference number=21
      X         Y        Z          Average Cartesian coordinates (A) 
   7.62110   5.08532   2.54318

                  Uij (A^2)
   5.87501656E-03  -6.82936574E-04   3.38784099E-04
  -6.82936574E-04   5.66735351E-03  -4.43918776E-04
   3.38784099E-04  -4.43918776E-04   5.99624868E-03


 Atom reference number=22
      X         Y        Z          Average Cartesian coordinates (A) 
   2.54388  -0.00290   7.62753

                  Uij (A^2)
   2.55656727E-02   2.51369085E-03   1.22847245E-03
   2.51369085E-03   1.91658400E-02   1.42288045E-03
   1.22847245E-03   1.42288045E-03   1.95968840E-02


 Atom reference number=23
      X         Y        Z          Average Cartesian coordinates (A) 
   8.89564   3.81150   8.89474

                  Uij (A^2)
   2.40259692E-02   1.16646546E-03   2.81626405E-03
   1.16646546E-03   1.80945490E-02  -1.47784629E-03
   2.81626405E-03  -1.47784629E-03   2.07709149E-02


 Atom reference number=24
      X         Y        Z          Average Cartesian coordinates (A) 
   8.49187   6.35401   1.27387

                  Uij (A^2)
   2.53057554E-02   3.44938075E-04   1.39109371E-03
   3.44938075E-04   1.17944125E-02   4.99075884E-03
   1.39109371E-03   4.99075884E-03   1.33685796E-02


 Atom reference number=25
      X         Y        Z          Average Cartesian coordinates (A) 
   5.08264   7.62483   2.54187

                  Uij (A^2)
   6.33669784E-03  -3.94681820E-06  -4.46227292E-04
  -3.94681820E-06   6.02082536E-03   4.27681312E-04
  -4.46227292E-04   4.27681312E-04   6.79008989E-03


 Atom reference number=26
      X         Y        Z          Average Cartesian coordinates (A) 
  -0.00184   2.53811   7.62411

                  Uij (A^2)
   2.91612800E-02   4.01852839E-03   6.86064269E-03
   4.01852839E-03   1.89832225E-02  -2.87586381E-03
   6.86064269E-03  -2.87586381E-03   2.32793558E-02


 Atom reference number=27
      X         Y        Z          Average Cartesian coordinates (A) 
   1.26625   6.35598   1.26639

                  Uij (A^2)
   2.15087347E-02   9.67571279E-04   2.85948883E-03
   9.67571279E-04   1.81118138E-02  -7.03454949E-04
   2.85948883E-03  -7.03454949E-04   1.75679997E-02


 Atom reference number=28
      X         Y        Z          Average Cartesian coordinates (A) 
   1.67102   3.80627   8.89664

                  Uij (A^2)
   2.66564824E-02   2.06929422E-03   2.08110875E-03
   2.06929422E-03   1.44160567E-02   6.15492184E-03
   2.08110875E-03   6.15492184E-03   1.60570238E-02


 Atom reference number=29
      X         Y        Z          Average Cartesian coordinates (A) 
   5.08062   2.53898   7.62367

                  Uij (A^2)
   6.21882780E-03  -2.95337639E-04  -6.13731245E-05
  -2.95337639E-04   6.48498768E-03   5.80642547E-04
  -6.13731245E-05   5.80642547E-04   5.76918153E-03


 Atom reference number=30
      X         Y        Z          Average Cartesian coordinates (A) 
  -0.00428   7.62527   2.53778

                  Uij (A^2)
   2.51577161E-02   2.54471949E-03   4.97990288E-03
   2.54471949E-03   1.99464634E-02  -3.08111031E-03
   4.97990288E-03  -3.08111031E-03   2.13800296E-02


 Atom reference number=31
      X         Y        Z          Average Cartesian coordinates (A) 
   1.26821   3.40821   1.26352

                  Uij (A^2)
   1.69074666E-02   4.09237284E-04   7.11872149E-03
   4.09237284E-04   2.29928978E-02  -1.66922153E-04
   7.11872149E-03  -1.66922153E-04   1.58471055E-02


 Atom reference number=32
      X         Y        Z          Average Cartesian coordinates (A) 
   8.89415   6.75685   8.89572

                  Uij (A^2)
   1.64878536E-02   9.01511405E-04   7.40292482E-03
   9.01511405E-04   2.16652378E-02   4.13526577E-04
   7.40292482E-03   4.13526577E-04   1.46067627E-02


 Atom reference number=33
      X         Y        Z          Average Cartesian coordinates (A) 
   6.35967   4.21990   1.26563

                  Uij (A^2)
   1.60751231E-02  -4.36760951E-04  -5.98400459E-03
  -4.36760951E-04   2.08124500E-02   3.32992349E-04
  -5.98400459E-03   3.32992349E-04   1.42634884E-02


 Atom reference number=34
      X         Y        Z          Average Cartesian coordinates (A) 
   3.81270   5.94882   8.89485

                  Uij (A^2)
   1.41811781E-02  -8.63571840E-05  -4.06607892E-03
  -8.63571840E-05   2.11146325E-02   6.55329437E-04
  -4.06607892E-03   6.55329437E-04   1.28350863E-02


 Atom reference number=35
      X         Y        Z          Average Cartesian coordinates (A) 
   6.35407   9.30419   6.34624

                  Uij (A^2)
   1.60950478E-02   5.18254470E-04  -5.07919304E-03
   5.18254470E-04   2.15734858E-02   2.11942097E-04
  -5.07919304E-03   2.11942097E-04   1.30002452E-02


 Atom reference number=36
      X         Y        Z          Average Cartesian coordinates (A) 
   3.81521   0.87074   3.81277

                  Uij (A^2)
   1.48957903E-02   5.61214001E-05  -4.86218696E-03
   5.61214001E-05   2.25025937E-02  -5.67975920E-04
  -4.86218696E-03  -5.67975920E-04   1.39945522E-02


 Atom reference number=37
      X         Y        Z          Average Cartesian coordinates (A) 
   1.27025   8.48439   6.35334

                  Uij (A^2)
   1.64967030E-02  -9.85508552E-04   5.76654682E-03
  -9.85508552E-04   2.26928461E-02  -1.08032138E-03
   5.76654682E-03  -1.08032138E-03   1.33742774E-02


 Atom reference number=38
      X         Y        Z          Average Cartesian coordinates (A) 
   8.89182   1.67209   3.81670

                  Uij (A^2)
   1.64206568E-02  -3.16352554E-04   7.01813400E-03
  -3.16352554E-04   2.02194098E-02  -4.21173463E-04
   7.01813400E-03  -4.21173463E-04   1.55908084E-02


 Atom reference number=39
      X         Y        Z          Average Cartesian coordinates (A) 
   1.27478   1.26792   3.40821

                  Uij (A^2)
   1.67437363E-02   6.62129512E-03   2.00517825E-03
   6.62129512E-03   1.43699069E-02   5.77208666E-05
   2.00517825E-03   5.77208666E-05   2.32782885E-02


 Atom reference number=40
      X         Y        Z          Average Cartesian coordinates (A) 
   8.89185   8.88616   6.76231

                  Uij (A^2)
   1.66846458E-02   6.92831073E-03   1.20334805E-03
   6.92831073E-03   1.48149440E-02   9.62277700E-04
   1.20334805E-03   9.62277700E-04   2.08813567E-02


 Atom reference number=41
      X         Y        Z          Average Cartesian coordinates (A) 
   1.26480   6.35918   4.21558

                  Uij (A^2)
   1.56890713E-02  -6.04452891E-03   5.27917058E-04
  -6.04452891E-03   1.31563181E-02  -1.26278854E-03
   5.27917058E-04  -1.26278854E-03   2.18535047E-02


 Atom reference number=42
      X         Y        Z          Average Cartesian coordinates (A) 
   8.89544   3.81188   5.94479

                  Uij (A^2)
   1.59922596E-02  -6.65249117E-03   1.58414443E-03
  -6.65249117E-03   1.39172366E-02  -1.90459576E-03
   1.58414443E-03  -1.90459576E-03   2.38287281E-02


 Atom reference number=43
      X         Y        Z          Average Cartesian coordinates (A) 
   6.35431   6.35259   9.30632

                  Uij (A^2)
   1.70075223E-02  -7.62227736E-03  -2.55525665E-04
  -7.62227736E-03   1.42029785E-02  -7.12967652E-04
  -2.55525665E-04  -7.12967652E-04   2.21980736E-02


 Atom reference number=44
      X         Y        Z          Average Cartesian coordinates (A) 
   3.81366   3.80940   0.86761

                  Uij (A^2)
   1.60134062E-02  -6.76557794E-03   2.54519354E-03
  -6.76557794E-03   1.52753880E-02  -1.20198214E-03
   2.54519354E-03  -1.20198214E-03   2.32741348E-02


 Atom reference number=45
      X         Y        Z          Average Cartesian coordinates (A) 
   6.35376   1.26921   8.49370

                  Uij (A^2)
   1.57535002E-02   6.76881336E-03   6.73838716E-04
   6.76881336E-03   1.42331906E-02  -2.06070821E-04
   6.73838716E-04  -2.06070821E-04   2.27508992E-02


 Atom reference number=46
      X         Y        Z          Average Cartesian coordinates (A) 
   3.81144   8.89914   1.68050

                  Uij (A^2)
   1.54449195E-02   5.15006715E-03   7.97131856E-04
   5.15006715E-03   1.32024465E-02  -9.72313399E-04
   7.97131856E-04  -9.72313399E-04   2.10680664E-02


 Atom reference number=47
      X         Y        Z          Average Cartesian coordinates (A) 
   8.89760   5.95300   3.81448

                  Uij (A^2)
   1.45361889E-02   1.58255012E-03  -5.64243831E-03
   1.58255012E-03   2.10362077E-02   6.89549488E-05
  -5.64243831E-03   6.89549488E-05   1.42077748E-02


 Atom reference number=48
      X         Y        Z          Average Cartesian coordinates (A) 
   1.26809   4.21291   6.35578

                  Uij (A^2)
   1.72964688E-02   1.52478111E-03  -4.78331838E-03
   1.52478111E-03   2.22750809E-02  -4.86110337E-04
  -4.78331838E-03  -4.86110337E-04   1.34535329E-02


 Atom reference number=49
      X         Y        Z          Average Cartesian coordinates (A) 
   3.81523   1.67279   8.89696

                  Uij (A^2)
   1.83729529E-02  -8.68582574E-04   9.08189919E-03
  -8.68582574E-04   2.04476900E-02  -2.00817082E-03
   9.08189919E-03  -2.00817082E-03   1.74330249E-02


 Atom reference number=50
      X         Y        Z          Average Cartesian coordinates (A) 
   6.35298   8.49120   1.27098

                  Uij (A^2)
   1.84979718E-02   4.05841347E-05   7.77211878E-03
   4.05841347E-05   2.05203891E-02   2.88267591E-04
   7.77211878E-03   2.88267591E-04   1.55640198E-02


 Atom reference number=51
      X         Y        Z          Average Cartesian coordinates (A) 
   1.67381   8.89437   3.81531

                  Uij (A^2)
   2.32624579E-02  -1.45816302E-04  -2.76937062E-04
  -1.45816302E-04   1.56229082E-02   5.55593939E-03
  -2.76937062E-04   5.55593939E-03   1.46087771E-02


 Atom reference number=52
      X         Y        Z          Average Cartesian coordinates (A) 
   8.49128   1.26853   6.35166

                  Uij (A^2)
   2.70496421E-02   3.85843799E-04   1.08432421E-03
   3.85843799E-04   1.57546867E-02   6.94024563E-03
   1.08432421E-03   6.94024563E-03   1.54981306E-02


 Atom reference number=53
      X         Y        Z          Average Cartesian coordinates (A) 
   5.94248   3.80425   8.89481

                  Uij (A^2)
   2.62810979E-02  -1.87065580E-03   8.85435555E-04
  -1.87065580E-03   1.53862890E-02  -6.38687005E-03
   8.85435555E-04  -6.38687005E-03   1.55138029E-02


 Atom reference number=54
      X         Y        Z          Average Cartesian coordinates (A) 
   4.22583   6.35076   1.27246

                  Uij (A^2)
   2.42614690E-02  -2.16820044E-04   1.31627405E-03
  -2.16820044E-04   1.37523348E-02  -5.87267522E-03
   1.31627405E-03  -5.87267522E-03   1.39046926E-02


 Atom reference number=55
      X         Y        Z          Average Cartesian coordinates (A) 
   8.88810   3.81150   1.68040

                  Uij (A^2)
   1.53130135E-02   5.64320944E-03   3.27281159E-04
   5.64320944E-03   1.35558303E-02  -2.96550104E-04
   3.27281159E-04  -2.96550104E-04   1.92988012E-02


 Atom reference number=56
      X         Y        Z          Average Cartesian coordinates (A) 
   1.26671   6.34938   8.49628

                  Uij (A^2)
   1.54975830E-02   5.98975644E-03   7.95758970E-04
   5.98975644E-03   1.34133715E-02  -5.07603458E-04
   7.95758970E-04  -5.07603458E-04   2.08730344E-02


 Atom reference number=57
      X         Y        Z          Average Cartesian coordinates (A) 
   3.81494   8.89008   5.95014

                  Uij (A^2)
   1.65048894E-02  -6.23408472E-03   1.34019123E-03
  -6.23408472E-03   1.47710266E-02  -2.28420924E-03
   1.34019123E-03  -2.28420924E-03   2.15456169E-02


 Atom reference number=58
      X         Y        Z          Average Cartesian coordinates (A) 
   6.35160   1.27099   4.20628

                  Uij (A^2)
   1.49966907E-02  -5.72288455E-03   8.11385835E-05
  -5.72288455E-03   1.43562211E-02   5.53696591E-04
   8.11385835E-05   5.53696591E-04   1.95282139E-02


 Atom reference number=59
      X         Y        Z          Average Cartesian coordinates (A) 
   3.40578   6.35875   6.35473

                  Uij (A^2)
   2.33558938E-02   2.33539892E-03   1.65214110E-03
   2.33539892E-03   1.40545946E-02   6.05750876E-03
   1.65214110E-03   6.05750876E-03   1.39172785E-02


 Atom reference number=60
      X         Y        Z          Average Cartesian coordinates (A) 
  -0.00350   5.08545   5.08413

                  Uij (A^2)
   6.24183193E-03   2.87503790E-04   3.56327568E-04
   2.87503790E-04   5.66314813E-03   6.12295698E-04
   3.56327568E-04   6.12295698E-04   6.91206288E-03


 Atom reference number=61
      X         Y        Z          Average Cartesian coordinates (A) 
   5.08457  -0.00100   0.00127

                  Uij (A^2)
   2.82841045E-02  -2.35988176E-03   3.86574568E-04
  -2.35988176E-03   2.12403480E-02  -3.69649730E-03
   3.86574568E-04  -3.69649730E-03   2.00838279E-02


 Atom reference number=62
      X         Y        Z          Average Cartesian coordinates (A) 
   6.75647   3.81361   3.81442

                  Uij (A^2)
   2.46637464E-02  -5.73563506E-04   1.99947506E-03
  -5.73563506E-04   1.46890143E-02   6.77645020E-03
   1.99947506E-03   6.77645020E-03   1.52853578E-02


 Atom reference number=63
      X         Y        Z          Average Cartesian coordinates (A) 
   7.62366   7.62562  -0.00258

                  Uij (A^2)
   6.71741040E-03   3.80437763E-04  -3.48994770E-04
   3.80437763E-04   5.90439420E-03  -5.80158550E-04
  -3.48994770E-04  -5.80158550E-04   6.80918386E-03


 Atom reference number=64
      X         Y        Z          Average Cartesian coordinates (A) 
   2.54255   2.54309   5.08238

                  Uij (A^2)
   2.72564162E-02  -2.19391659E-03   6.13361271E-03
  -2.19391659E-03   1.82512458E-02   3.18746106E-06
   6.13361271E-03   3.18746106E-06   1.97836198E-02


 Atom reference number=65
      X         Y        Z          Average Cartesian coordinates (A) 
   2.54505   2.54087  -0.00037

                  Uij (A^2)
   6.35340204E-03   5.46529482E-04   2.50481880E-05
   5.46529482E-04   6.01900183E-03  -9.97702300E-05
   2.50481880E-05  -9.97702300E-05   5.88362012E-03


 Atom reference number=66
      X         Y        Z          Average Cartesian coordinates (A) 
   7.62554   7.62073   5.08190

                  Uij (A^2)
   2.46869195E-02  -1.51363132E-03   5.62943146E-03
  -1.51363132E-03   1.89683214E-02   3.98141844E-03
   5.62943146E-03   3.98141844E-03   2.22615469E-02


 Atom reference number=67
      X         Y        Z          Average Cartesian coordinates (A) 
   9.29735   1.27157   1.27535

                  Uij (A^2)
   2.18069218E-02  -4.25281381E-04  -1.53182933E-04
  -4.25281381E-04   1.37508167E-02  -5.79908071E-03
  -1.53182933E-04  -5.79908071E-03   1.46239949E-02


 Atom reference number=68
      X         Y        Z          Average Cartesian coordinates (A) 
   2.54432   0.00167   2.54192

                  Uij (A^2)
   7.25243939E-03  -4.23040241E-04   7.60782976E-04
  -4.23040241E-04   6.09385828E-03  -6.85819949E-04
   7.60782976E-04  -6.85819949E-04   6.34059496E-03


 Atom reference number=69
      X         Y        Z          Average Cartesian coordinates (A) 
   7.62258   5.07784   7.62306

                  Uij (A^2)
   2.83092968E-02   9.92771820E-04   3.25768451E-05
   9.92771820E-04   1.98181495E-02   3.17878951E-03
   3.25768451E-05   3.17878951E-03   1.93558522E-02


 Atom reference number=70
      X         Y        Z          Average Cartesian coordinates (A) 
   0.86566   8.89353   8.89372

                  Uij (A^2)
   2.32561082E-02  -4.24945931E-04   1.90760859E-03
  -4.24945931E-04   1.63787715E-02  -6.41974900E-03
   1.90760859E-03  -6.41974900E-03   1.37938000E-02


 Atom reference number=71
      X         Y        Z          Average Cartesian coordinates (A) 
   7.62580  -0.00147   7.62512

                  Uij (A^2)
   6.12324383E-03   1.00601843E-04   1.20330056E-04
   1.00601843E-04   5.36162965E-03  -5.79693355E-04
   1.20330056E-04  -5.79693355E-04   5.75296395E-03


 Atom reference number=72
      X         Y        Z          Average Cartesian coordinates (A) 
   2.53707   5.08145   2.53973

                  Uij (A^2)
   2.31050141E-02   3.81764909E-03  -5.07807243E-04
   3.81764909E-03   1.94325987E-02   1.41462788E-03
  -5.07807243E-04   1.41462788E-03   1.76400486E-02


 Atom reference number=73
      X         Y        Z          Average Cartesian coordinates (A) 
   1.27688   1.27156   9.30486

                  Uij (A^2)
   1.52987260E-02  -6.14305865E-03   1.34838093E-03
  -6.14305865E-03   1.44625371E-02  -9.53489798E-04
   1.34838093E-03  -9.53489798E-04   2.25777514E-02


 Atom reference number=74
      X         Y        Z          Average Cartesian coordinates (A) 
   8.89274   8.89054   0.87035

                  Uij (A^2)
   1.52736343E-02  -6.56729285E-03   1.15818926E-03
  -6.56729285E-03   1.44164693E-02  -1.29698636E-03
   1.15818926E-03  -1.29698636E-03   2.19734479E-02


 Atom reference number=75
      X         Y        Z          Average Cartesian coordinates (A) 
   6.35547   6.35087   3.40272

                  Uij (A^2)
   1.36086857E-02   5.80879720E-03   2.15972221E-04
   5.80879720E-03   1.25237266E-02  -8.57732201E-04
   2.15972221E-04  -8.57732201E-04   2.14539152E-02


 Atom reference number=76
      X         Y        Z          Average Cartesian coordinates (A) 
   3.81283   3.81337   6.75225

                  Uij (A^2)
   1.52999442E-02   5.32850856E-03  -2.88114097E-04
   5.32850856E-03   1.42727224E-02  -1.23516866E-03
  -2.88114097E-04  -1.23516866E-03   2.14153863E-02


 Atom reference number=77
      X         Y        Z          Average Cartesian coordinates (A) 
   8.89304   0.87415   8.89518

                  Uij (A^2)
   1.60915330E-02   1.41240226E-03  -5.11210319E-03
   1.41240226E-03   2.30118688E-02  -1.25685555E-03
  -5.11210319E-03  -1.25685555E-03   1.46264741E-02


 Atom reference number=78
      X         Y        Z          Average Cartesian coordinates (A) 
   1.27180   9.30938   1.26768

                  Uij (A^2)
   1.57898366E-02   3.47400462E-04  -5.29347220E-03
   3.47400462E-04   2.15812437E-02   1.00732083E-03
  -5.29347220E-03   1.00732083E-03   1.34983808E-02


 Atom reference number=79
      X         Y        Z          Average Cartesian coordinates (A) 
   3.80902   6.75592   3.81182

                  Uij (A^2)
   1.56657081E-02   1.32609345E-03   6.57153968E-03
   1.32609345E-03   2.14945469E-02  -6.51912706E-05
   6.57153968E-03  -6.51912706E-05   1.51966494E-02


 Atom reference number=80
      X         Y        Z          Average Cartesian coordinates (A) 
   6.35215   3.40539   6.35333

                  Uij (A^2)
   1.79461688E-02   5.92340133E-04   7.45209819E-03
   5.92340133E-04   2.25215051E-02   7.55868561E-04
   7.45209819E-03   7.55868561E-04   1.52964620E-02


 Atom reference number=81
      X         Y        Z          Average Cartesian coordinates (A) 
   5.08141   0.00283   5.07940

                  Uij (A^2)
   7.05629028E-03   9.00025479E-04   6.59324811E-04
   9.00025479E-04   5.89957740E-03   4.17574833E-04
   6.59324811E-04   4.17574833E-04   6.56289468E-03


 Atom reference number=82
      X         Y        Z          Average Cartesian coordinates (A) 
  -0.00631   5.07942   0.00541

                  Uij (A^2)
   2.32408885E-02  -2.88436934E-03  -4.22640180E-04
  -2.88436934E-03   1.93531364E-02  -9.61233920E-04
  -4.22640180E-04  -9.61233920E-04   2.12155376E-02


 Atom reference number=83
      X         Y        Z          Average Cartesian coordinates (A) 
  -0.00026   7.62274   7.62404

                  Uij (A^2)
   5.93709107E-03  -6.50084810E-04  -5.62478555E-04
  -6.50084810E-04   6.47517852E-03   5.23418945E-04
  -5.62478555E-04   5.23418945E-04   5.67539595E-03


 Atom reference number=84
      X         Y        Z          Average Cartesian coordinates (A) 
   5.08569   2.54322   2.54768

                  Uij (A^2)
   2.62462720E-02   3.30013060E-03   4.01082821E-03
   3.30013060E-03   1.65179595E-02  -3.37542384E-03
   4.01082821E-03  -3.37542384E-03   2.27925610E-02


 Atom reference number=85
      X         Y        Z          Average Cartesian coordinates (A) 
   0.00465   2.54041   2.54105

                  Uij (A^2)
   6.64429180E-03  -2.22830000E-04  -3.70851572E-04
  -2.22830000E-04   5.86864771E-03   3.67283588E-04
  -3.70851572E-04   3.67283588E-04   6.77888701E-03


 Atom reference number=86
      X         Y        Z          Average Cartesian coordinates (A) 
   5.08893   7.62051   7.62897

                  Uij (A^2)
   2.72035841E-02   2.59275478E-03   5.35052130E-03
   2.59275478E-03   1.72767583E-02  -3.94341862E-03
   5.35052130E-03  -3.94341862E-03   2.28934754E-02


 Atom reference number=87
      X         Y        Z          Average Cartesian coordinates (A) 
   5.08169   5.08375  -0.00257

                  Uij (A^2)
   6.51423959E-03   2.59146909E-04  -1.09270703E-04
   2.59146909E-04   6.35201763E-03   5.22816379E-04
  -1.09270703E-04   5.22816379E-04   6.29973412E-03


 Atom reference number=88
      X         Y        Z          Average Cartesian coordinates (A) 
   0.00164   0.00085   5.08300

                  Uij (A^2)
   2.60630418E-02  -4.04035812E-03   6.04476372E-04
  -4.04035812E-03   1.96028370E-02  -2.28319596E-03
   6.04476372E-04  -2.28319596E-03   2.29371060E-02

