 atom reference_number  X_aver(frac)   Y_aver(frac)   Z_aver(frac)
         1             0.3765553      0.3756477      0.3749476
         2             0.3344660      0.1252645      0.1251302
         3            -0.0003720      0.0015952      0.0000553
         4             0.4999907      0.4981966      0.5015074
         5             0.6254961      0.6247285      0.6259701
         6             0.6644746      0.8760151      0.8752267
         7             0.3746079      0.8754479      0.8748404
         8             0.4143518      0.1247419      0.6244942
         9             0.7504174      0.2497081      0.4998232
        10             0.2497599      0.7504701      0.0006792
        11             0.6248455      0.1245932      0.1252541
        12             0.5848330      0.8733701      0.3761056
        13             0.2508453      0.7493158      0.4997932
        14             0.7504903      0.2512828      0.0001854
        15             0.8750037      0.8748599      0.3749918
        16             0.9154329      0.6247246      0.6242699
        17             0.2500489      0.4996307      0.7496752
        18             0.7491571     -0.0006120      0.2497738
        19             0.1244708      0.1250437      0.6250268
        20             0.0848619      0.3749629      0.3752373
        21             0.7495368      0.4995031      0.2497314
        22             0.2495334      0.0003311      0.7497561
        23             0.8746686      0.3760676      0.8746888
        24             0.8345634      0.6244750      0.1251420
        25             0.4997501      0.7494747      0.2501907
        26            -0.0001891      0.2506980      0.7494861
        27             0.1249327      0.6248976      0.1261383
        28             0.1649169      0.3756511      0.8747346
        29             0.4993626      0.2504828      0.7510786
        30            -0.0001938      0.7501805      0.2506594
        31             0.1248722      0.3347987      0.1246854
        32             0.8755055      0.6664766      0.8745710
        33             0.6254331      0.4154211      0.1250914
        34             0.3752452      0.5852779      0.8751725
        35             0.6248882      0.9143455      0.6250605
        36             0.3752417      0.0854773      0.3755345
        37             0.1243017      0.8354766      0.6249360
        38             0.8751691      0.1653138      0.3756216
        39             0.1260761      0.1257172      0.3356302
        40             0.8747440      0.8746092      0.6657044
        41             0.1245917      0.6243853      0.4150576
        42             0.8756992      0.3752974      0.5853001
        43             0.6248378      0.6250835      0.9145062
        44             0.3757101      0.3753115      0.0847760
        45             0.6254217      0.1258428      0.8345735
        46             0.3740751      0.8747214      0.1653445
        47             0.8756488      0.5851630      0.3754816
        48             0.1251267      0.4148201      0.6251166
        49             0.3749861      0.1658077      0.8753543
        50             0.6246037      0.8338579      0.1260879
        51             0.1656980      0.8749374      0.3753080
        52             0.8350585      0.1253286      0.6255720
        53             0.5864176      0.3764892      0.8751597
        54             0.4153906      0.6254315      0.1243075
        55             0.8749431      0.3749177      0.1659415
        56             0.1260784      0.6264734      0.8352798
        57             0.3744061      0.8750970      0.5844704
        58             0.6245428      0.1249742      0.4158210
        59             0.3358811      0.6254819      0.6253678
        60             0.0000564      0.5004693      0.5000512
        61             0.4999982      0.0008972      0.0005197
        62             0.6654578      0.3746461      0.3752293
        63             0.7499127      0.7501204      0.0003369
        64             0.2498747      0.2510209      0.5000657
        65             0.2497066      0.2503764      0.0005891
        66             0.7510453      0.7486477      0.4993330
        67             0.9153502      0.1250036      0.1249564
        68             0.2498490     -0.0001861      0.2500260
        69             0.7506734      0.5010395      0.7499344
        70             0.0841965      0.8755537      0.8754987
        71             0.7498862      0.0001503      0.7490037
        72             0.2506314      0.4999408      0.2494670
        73             0.1241825      0.1257250      0.9152086
        74             0.8756150      0.8751096      0.0834619
        75             0.6257520      0.6243628      0.3349725
        76             0.3738057      0.3749526      0.6662438
        77             0.8758995      0.0852830      0.8751814
        78             0.1252098      0.9163136      0.1246460
        79             0.3748987      0.6650006      0.3753641
        80             0.6248475      0.3336327      0.6254163
        81             0.4992080     -0.0004213      0.5002475
        82            -0.0000204      0.4999224     -0.0002077
        83             0.0003537      0.7504854      0.7498315
        84             0.5004753      0.2499672      0.2503806
        85            -0.0001306      0.2505205      0.2509856
        86             0.4995730      0.7500939      0.7496327
        87             0.5002663      0.4996163      0.0008204
        88            -0.0007010     -0.0004484      0.5009473

 Atom reference number= 1
      X         Y        Z          Average Cartesian coordinates (A) 
   3.86589   3.85658   3.84939

                  Uij (A^2)
   2.28464454E-02   5.14225860E-04  -7.30331335E-03
   5.14225860E-04   2.26172153E-02  -4.26384015E-03
  -7.30331335E-03  -4.26384015E-03   3.02700736E-02


 Atom reference number= 2
      X         Y        Z          Average Cartesian coordinates (A) 
   3.43379   1.28602   1.28465

                  Uij (A^2)
   4.35614996E-02  -4.89744009E-04  -9.38306656E-03
  -4.89744009E-04   2.41055675E-02  -2.60687433E-03
  -9.38306656E-03  -2.60687433E-03   3.31005752E-02


 Atom reference number= 3
      X         Y        Z          Average Cartesian coordinates (A) 
  -0.00382   0.01638   0.00057

                  Uij (A^2)
   2.53389254E-02   3.12209548E-03  -1.05503073E-03
   3.12209548E-03   2.62242611E-02   2.91495211E-03
  -1.05503073E-03   2.91495211E-03   2.40990426E-02


 Atom reference number= 4
      X         Y        Z          Average Cartesian coordinates (A) 
   5.13314   5.11472   5.14871

                  Uij (A^2)
   2.94156559E-02   3.69914720E-04  -1.16273807E-02
   3.69914720E-04   3.08143888E-02  -4.44023125E-03
  -1.16273807E-02  -4.44023125E-03   4.97561395E-02


 Atom reference number= 5
      X         Y        Z          Average Cartesian coordinates (A) 
   6.42164   6.41376   6.42650

                  Uij (A^2)
   2.37912778E-02   3.76656000E-03  -7.34665012E-03
   3.76656000E-03   2.66609043E-02  -4.33781976E-03
  -7.34665012E-03  -4.33781976E-03   3.31729017E-02


 Atom reference number= 6
      X         Y        Z          Average Cartesian coordinates (A) 
   6.82181   8.99358   8.98549

                  Uij (A^2)
   3.87054831E-02   1.10707374E-03  -6.73328014E-03
   1.10707374E-03   2.28633434E-02   1.13811089E-04
  -6.73328014E-03   1.13811089E-04   2.98768301E-02


 Atom reference number= 7
      X         Y        Z          Average Cartesian coordinates (A) 
   3.84590   8.98776   8.98152

                  Uij (A^2)
   2.34504044E-02   2.61856709E-03  -6.55219611E-03
   2.61856709E-03   2.73061804E-02  -4.13701683E-03
  -6.55219611E-03  -4.13701683E-03   3.06926984E-02


 Atom reference number= 8
      X         Y        Z          Average Cartesian coordinates (A) 
   4.25393   1.28066   6.41135

                  Uij (A^2)
   3.26483436E-02   8.51327146E-04  -6.55426504E-03
   8.51327146E-04   2.45317910E-02  -3.72844678E-03
  -6.55426504E-03  -3.72844678E-03   2.40342431E-02


 Atom reference number= 9
      X         Y        Z          Average Cartesian coordinates (A) 
   7.70414   2.56362   5.13142

                  Uij (A^2)
   2.53462382E-02   2.46538501E-03  -5.67270350E-03
   2.46538501E-03   2.68081445E-02  -5.00213495E-03
  -5.67270350E-03  -5.00213495E-03   2.96698902E-02


 Atom reference number=10
      X         Y        Z          Average Cartesian coordinates (A) 
   2.56415   7.70468   0.00697

                  Uij (A^2)
   3.44938934E-02  -4.17636009E-03  -3.31860874E-03
  -4.17636009E-03   3.13268416E-02  -1.25064841E-03
  -3.31860874E-03  -1.25064841E-03   4.27636467E-02


 Atom reference number=11
      X         Y        Z          Average Cartesian coordinates (A) 
   6.41496   1.27913   1.28592

                  Uij (A^2)
   2.45040487E-02  -6.58139354E-04  -8.44185427E-03
  -6.58139354E-04   2.60371212E-02  -2.25329748E-03
  -8.44185427E-03  -2.25329748E-03   3.38299498E-02


 Atom reference number=12
      X         Y        Z          Average Cartesian coordinates (A) 
   6.00417   8.96643   3.86128

                  Uij (A^2)
   4.10487093E-02   3.71684972E-03  -6.67901617E-03
   3.71684972E-03   2.43704617E-02  -2.32322537E-03
  -6.67901617E-03  -2.32322537E-03   3.21726911E-02


 Atom reference number=13
      X         Y        Z          Average Cartesian coordinates (A) 
   2.57530   7.69283   5.13111

                  Uij (A^2)
   2.22593080E-02   2.85814679E-03  -5.89244021E-03
   2.85814679E-03   2.31115725E-02  -2.35886476E-03
  -5.89244021E-03  -2.35886476E-03   2.67405547E-02


 Atom reference number=14
      X         Y        Z          Average Cartesian coordinates (A) 
   7.70489   2.57979   0.00190

                  Uij (A^2)
   3.28556634E-02  -3.04738875E-03  -2.33681523E-03
  -3.04738875E-03   3.38356197E-02  -1.03589287E-03
  -2.33681523E-03  -1.03589287E-03   4.51916568E-02


 Atom reference number=15
      X         Y        Z          Average Cartesian coordinates (A) 
   8.98320   8.98172   3.84984

                  Uij (A^2)
   2.50252541E-02   1.21312949E-03  -5.51615050E-03
   1.21312949E-03   2.35995799E-02  -3.56999598E-03
  -5.51615050E-03  -3.56999598E-03   3.41772735E-02


 Atom reference number=16
      X         Y        Z          Average Cartesian coordinates (A) 
   9.39826   6.41372   6.40905

                  Uij (A^2)
   3.95380184E-02   1.04032573E-03  -4.73381113E-03
   1.04032573E-03   2.43109018E-02  -1.16243248E-03
  -4.73381113E-03  -1.16243248E-03   2.53821556E-02


 Atom reference number=17
      X         Y        Z          Average Cartesian coordinates (A) 
   2.56712   5.12944   7.69652

                  Uij (A^2)
   2.29230709E-02  -1.84536621E-03  -8.69859534E-04
  -1.84536621E-03   2.59659067E-02  -2.93555879E-03
  -8.69859534E-04  -2.93555879E-03   2.91388948E-02


 Atom reference number=18
      X         Y        Z          Average Cartesian coordinates (A) 
   7.69120  -0.00628   2.56430

                  Uij (A^2)
   3.18726748E-02   2.80438922E-03  -1.01058260E-02
   2.80438922E-03   3.15701552E-02   1.33388233E-03
  -1.01058260E-02   1.33388233E-03   4.31239568E-02


 Atom reference number=19
      X         Y        Z          Average Cartesian coordinates (A) 
   1.27788   1.28376   6.41682

                  Uij (A^2)
   2.57762335E-02  -4.03480168E-04  -7.31288968E-03
  -4.03480168E-04   2.36885045E-02  -3.49453511E-03
  -7.31288968E-03  -3.49453511E-03   3.36888656E-02


 Atom reference number=20
      X         Y        Z          Average Cartesian coordinates (A) 
   0.87123   3.84955   3.85236

                  Uij (A^2)
   4.35382724E-02   4.58728900E-04  -4.89689782E-03
   4.58728900E-04   2.14449223E-02  -4.11928631E-03
  -4.89689782E-03  -4.11928631E-03   2.82832664E-02


 Atom reference number=21
      X         Y        Z          Average Cartesian coordinates (A) 
   7.69510   5.12813   2.56386

                  Uij (A^2)
   2.17626989E-02  -2.95182690E-03  -1.39711401E-03
  -2.95182690E-03   2.57766172E-02  -3.27782659E-03
  -1.39711401E-03  -3.27782659E-03   2.32253727E-02


 Atom reference number=22
      X         Y        Z          Average Cartesian coordinates (A) 
   2.56183   0.00340   7.69735

                  Uij (A^2)
   2.79562138E-02   3.16600851E-03  -1.18676974E-02
   3.16600851E-03   3.44598591E-02   4.45110607E-04
  -1.18676974E-02   4.45110607E-04   4.43985872E-02


 Atom reference number=23
      X         Y        Z          Average Cartesian coordinates (A) 
   8.97976   3.86089   8.97997

                  Uij (A^2)
   2.19933093E-02   1.66133535E-03  -5.37397945E-03
   1.66133535E-03   2.59653050E-02  -1.95480557E-03
  -5.37397945E-03  -1.95480557E-03   2.94984207E-02


 Atom reference number=24
      X         Y        Z          Average Cartesian coordinates (A) 
   8.56802   6.41115   1.28477

                  Uij (A^2)
   4.44300547E-02   2.37096380E-03  -1.03190513E-02
   2.37096380E-03   2.24107485E-02  -6.20741164E-04
  -1.03190513E-02  -6.20741164E-04   3.05891968E-02


 Atom reference number=25
      X         Y        Z          Average Cartesian coordinates (A) 
   5.13067   7.69446   2.56858

                  Uij (A^2)
   2.57919282E-02  -1.04389875E-03  -4.95516881E-03
  -1.04389875E-03   2.89327111E-02   2.11720122E-03
  -4.95516881E-03   2.11720122E-03   2.54976675E-02


 Atom reference number=26
      X         Y        Z          Average Cartesian coordinates (A) 
  -0.00194   2.57378   7.69458

                  Uij (A^2)
   2.99927462E-02   3.31993657E-03  -5.67012234E-03
   3.31993657E-03   2.89693531E-02  -3.65640456E-03
  -5.67012234E-03  -3.65640456E-03   4.57556136E-02


 Atom reference number=27
      X         Y        Z          Average Cartesian coordinates (A) 
   1.28262   6.41549   1.29500

                  Uij (A^2)
   2.40898728E-02   1.20418647E-03  -5.90246217E-03
   1.20418647E-03   2.51244642E-02  -1.39556231E-03
  -5.90246217E-03  -1.39556231E-03   2.91448403E-02


 Atom reference number=28
      X         Y        Z          Average Cartesian coordinates (A) 
   1.69311   3.85661   8.98044

                  Uij (A^2)
   3.90915386E-02   2.16798086E-04  -5.66985691E-03
   2.16798086E-04   2.19162814E-02  -8.17512220E-04
  -5.66985691E-03  -8.17512220E-04   2.45396122E-02


 Atom reference number=29
      X         Y        Z          Average Cartesian coordinates (A) 
   5.12669   2.57157   7.71093

                  Uij (A^2)
   2.48364415E-02  -2.78207241E-03  -3.85556603E-03
  -2.78207241E-03   2.24790368E-02   2.45602312E-03
  -3.85556603E-03   2.45602312E-03   2.84692626E-02


 Atom reference number=30
      X         Y        Z          Average Cartesian coordinates (A) 
  -0.00199   7.70171   2.57339

                  Uij (A^2)
   2.84902323E-02   2.80635478E-03  -7.06900703E-03
   2.80635478E-03   3.01886406E-02  -6.84467424E-03
  -7.06900703E-03  -6.84467424E-03   4.35005575E-02


 Atom reference number=31
      X         Y        Z          Average Cartesian coordinates (A) 
   1.28200   3.43720   1.28008

                  Uij (A^2)
   2.19572149E-02   1.40688836E-03  -5.30708116E-03
   1.40688836E-03   3.85322720E-02  -1.49533828E-03
  -5.30708116E-03  -1.49533828E-03   2.66888347E-02


 Atom reference number=32
      X         Y        Z          Average Cartesian coordinates (A) 
   8.98835   6.84236   8.97876

                  Uij (A^2)
   1.98129881E-02   1.68940099E-03  -4.14367346E-03
   1.68940099E-03   4.23056036E-02  -1.62441225E-03
  -4.14367346E-03  -1.62441225E-03   2.89120935E-02


 Atom reference number=33
      X         Y        Z          Average Cartesian coordinates (A) 
   6.42099   4.26491   1.28425

                  Uij (A^2)
   1.98383387E-02  -7.36125337E-04  -6.37055188E-03
  -7.36125337E-04   4.03599031E-02  -1.90708414E-03
  -6.37055188E-03  -1.90708414E-03   2.77112313E-02


 Atom reference number=34
      X         Y        Z          Average Cartesian coordinates (A) 
   3.85244   6.00874   8.98493

                  Uij (A^2)
   1.91505589E-02  -1.66549429E-03  -7.01603992E-03
  -1.66549429E-03   4.07739133E-02  -1.62780285E-03
  -7.01603992E-03  -1.62780285E-03   2.89565604E-02


 Atom reference number=35
      X         Y        Z          Average Cartesian coordinates (A) 
   6.41540   9.38710   6.41716

                  Uij (A^2)
   2.28584167E-02  -2.06847559E-04  -5.17541636E-03
  -2.06847559E-04   3.88742909E-02  -1.31554494E-03
  -5.17541636E-03  -1.31554494E-03   2.60217767E-02


 Atom reference number=36
      X         Y        Z          Average Cartesian coordinates (A) 
   3.85241   0.87755   3.85541

                  Uij (A^2)
   2.37351675E-02  -2.37477804E-03  -6.44092029E-03
  -2.37477804E-03   3.73880602E-02  -2.84123281E-03
  -6.44092029E-03  -2.84123281E-03   2.87905298E-02


 Atom reference number=37
      X         Y        Z          Average Cartesian coordinates (A) 
   1.27614   8.57740   6.41589

                  Uij (A^2)
   2.29069684E-02   1.16015412E-03  -2.03729118E-03
   1.16015412E-03   4.12247814E-02  -3.62218707E-03
  -2.03729118E-03  -3.62218707E-03   2.77926251E-02


 Atom reference number=38
      X         Y        Z          Average Cartesian coordinates (A) 
   8.98490   1.69719   3.85631

                  Uij (A^2)
   2.31485683E-02  -1.35591498E-03  -2.87672272E-03
  -1.35591498E-03   3.92694660E-02  -4.50316613E-04
  -2.87672272E-03  -4.50316613E-04   3.08121275E-02


 Atom reference number=39
      X         Y        Z          Average Cartesian coordinates (A) 
   1.29436   1.29067   3.44574

                  Uij (A^2)
   2.46755742E-02   1.82015961E-03  -5.47340838E-03
   1.82015961E-03   2.38663107E-02  -4.25062189E-03
  -5.47340838E-03  -4.25062189E-03   5.07639423E-02


 Atom reference number=40
      X         Y        Z          Average Cartesian coordinates (A) 
   8.98053   8.97915   6.83443

                  Uij (A^2)
   2.61919014E-02   3.79974628E-03  -1.01320455E-02
   3.79974628E-03   2.22920943E-02  -3.03867855E-03
  -1.01320455E-02  -3.03867855E-03   5.19741774E-02


 Atom reference number=41
      X         Y        Z          Average Cartesian coordinates (A) 
   1.27912   6.41023   4.26118

                  Uij (A^2)
   2.12758537E-02   1.05096458E-03  -6.58918731E-03
   1.05096458E-03   2.29065847E-02  -5.25276456E-03
  -6.58918731E-03  -5.25276456E-03   4.61758077E-02


 Atom reference number=42
      X         Y        Z          Average Cartesian coordinates (A) 
   8.99034   3.85298   6.00897

                  Uij (A^2)
   2.21040454E-02  -9.27616202E-04  -4.65436140E-03
  -9.27616202E-04   1.92641243E-02  -1.27006776E-03
  -4.65436140E-03  -1.27006776E-03   4.14364599E-02


 Atom reference number=43
      X         Y        Z          Average Cartesian coordinates (A) 
   6.41488   6.41740   9.38875

                  Uij (A^2)
   2.08651256E-02   1.94173015E-03  -4.67429450E-03
   1.94173015E-03   2.27746293E-02  -2.26528128E-03
  -4.67429450E-03  -2.26528128E-03   4.47580554E-02


 Atom reference number=44
      X         Y        Z          Average Cartesian coordinates (A) 
   3.85722   3.85312   0.87035

                  Uij (A^2)
   2.27990877E-02   6.06887770E-05  -8.37760419E-03
   6.06887770E-05   2.08606292E-02  -3.69809591E-03
  -8.37760419E-03  -3.69809591E-03   4.86774705E-02


 Atom reference number=45
      X         Y        Z          Average Cartesian coordinates (A) 
   6.42087   1.29196   8.56812

                  Uij (A^2)
   2.52886750E-02   2.85278913E-03  -6.17330801E-03
   2.85278913E-03   2.26836875E-02  -4.02475242E-03
  -6.17330801E-03  -4.02475242E-03   5.33111021E-02


 Atom reference number=46
      X         Y        Z          Average Cartesian coordinates (A) 
   3.84043   8.98030   1.69750

                  Uij (A^2)
   2.38776263E-02   1.39428943E-03  -4.14331816E-03
   1.39428943E-03   2.43636277E-02  -3.72773455E-03
  -4.14331816E-03  -3.72773455E-03   5.10949902E-02


 Atom reference number=47
      X         Y        Z          Average Cartesian coordinates (A) 
   8.98982   6.00756   3.85487

                  Uij (A^2)
   2.12495606E-02   3.21723892E-05  -8.09056498E-03
   3.21723892E-05   4.07416262E-02  -2.33531720E-03
  -8.09056498E-03  -2.33531720E-03   2.76385359E-02


 Atom reference number=48
      X         Y        Z          Average Cartesian coordinates (A) 
   1.28461   4.25874   6.41774

                  Uij (A^2)
   2.06725616E-02   8.58751417E-04  -6.11805357E-03
   8.58751417E-04   3.71241681E-02  -1.82396325E-03
  -6.11805357E-03  -1.82396325E-03   2.75101699E-02


 Atom reference number=49
      X         Y        Z          Average Cartesian coordinates (A) 
   3.84978   1.70226   8.98680

                  Uij (A^2)
   2.19857916E-02   1.04405987E-03  -3.86634981E-03
   1.04405987E-03   4.27554771E-02  -1.63456134E-03
  -3.86634981E-03  -1.63456134E-03   2.95425113E-02


 Atom reference number=50
      X         Y        Z          Average Cartesian coordinates (A) 
   6.41247   8.56078   1.29448

                  Uij (A^2)
   2.33387239E-02  -1.72914428E-04  -3.95071693E-03
  -1.72914428E-04   4.37423550E-02  -3.76827037E-03
  -3.95071693E-03  -3.76827037E-03   2.68624201E-02


 Atom reference number=51
      X         Y        Z          Average Cartesian coordinates (A) 
   1.70113   8.98252   3.85309

                  Uij (A^2)
   3.80486362E-02  -1.33089523E-03  -4.62767901E-03
  -1.33089523E-03   1.98795777E-02   2.81380606E-04
  -4.62767901E-03   2.81380606E-04   2.54506897E-02


 Atom reference number=52
      X         Y        Z          Average Cartesian coordinates (A) 
   8.57310   1.28668   6.42242

                  Uij (A^2)
   4.09353115E-02   8.16232932E-04  -8.68261140E-03
   8.16232932E-04   2.22496726E-02  -1.71125145E-03
  -8.68261140E-03  -1.71125145E-03   3.15721445E-02


 Atom reference number=53
      X         Y        Z          Average Cartesian coordinates (A) 
   6.02044   3.86521   8.98480

                  Uij (A^2)
   3.67141105E-02   1.80264481E-03  -6.41888706E-03
   1.80264481E-03   2.43894123E-02  -3.32429563E-03
  -6.41888706E-03  -3.32429563E-03   3.14611457E-02


 Atom reference number=54
      X         Y        Z          Average Cartesian coordinates (A) 
   4.26460   6.42097   1.27620

                  Uij (A^2)
   3.69720235E-02   1.07323634E-03  -6.21977961E-03
   1.07323634E-03   2.28214264E-02  -3.71965161E-03
  -6.21977961E-03  -3.71965161E-03   2.75465976E-02


 Atom reference number=55
      X         Y        Z          Average Cartesian coordinates (A) 
   8.98258   3.84908   1.70363

                  Uij (A^2)
   2.39804089E-02   2.53020134E-03  -7.50612188E-03
   2.53020134E-03   2.10906062E-02  -7.34997680E-04
  -7.50612188E-03  -7.34997680E-04   5.09778559E-02


 Atom reference number=56
      X         Y        Z          Average Cartesian coordinates (A) 
   1.29438   6.43167   8.57537

                  Uij (A^2)
   2.28804834E-02   8.23796610E-04  -8.16579722E-03
   8.23796610E-04   1.87619943E-02  -5.46933664E-03
  -8.16579722E-03  -5.46933664E-03   5.09658381E-02


 Atom reference number=57
      X         Y        Z          Average Cartesian coordinates (A) 
   3.84383   8.98416   6.00045

                  Uij (A^2)
   2.40290072E-02  -1.06878078E-03  -5.02199447E-03
  -1.06878078E-03   2.02619489E-02   1.57843134E-03
  -5.02199447E-03   1.57843134E-03   4.45651859E-02


 Atom reference number=58
      X         Y        Z          Average Cartesian coordinates (A) 
   6.41185   1.28304   4.26901

                  Uij (A^2)
   2.11341232E-02  -2.21863593E-04  -3.62566323E-03
  -2.21863593E-04   2.09186524E-02  -4.11896408E-03
  -3.62566323E-03  -4.11896408E-03   4.60474156E-02


 Atom reference number=59
      X         Y        Z          Average Cartesian coordinates (A) 
   3.44831   6.42149   6.42032

                  Uij (A^2)
   4.15637270E-02   2.65087234E-04  -8.34409148E-03
   2.65087234E-04   2.22271327E-02   2.10623912E-05
  -8.34409148E-03   2.10623912E-05   2.78761331E-02


 Atom reference number=60
      X         Y        Z          Average Cartesian coordinates (A) 
   0.00058   5.13805   5.13376

                  Uij (A^2)
   2.24434528E-02   1.90455385E-03  -9.97628784E-04
   1.90455385E-03   2.59704553E-02  -1.32356523E-04
  -9.97628784E-04  -1.32356523E-04   2.33448856E-02


 Atom reference number=61
      X         Y        Z          Average Cartesian coordinates (A) 
   5.13322   0.00921   0.00534

                  Uij (A^2)
   3.35891396E-02  -2.24449602E-03  -9.93552618E-03
  -2.24449602E-03   3.50164101E-02  -4.27027186E-03
  -9.93552618E-03  -4.27027186E-03   4.06374335E-02


 Atom reference number=62
      X         Y        Z          Average Cartesian coordinates (A) 
   6.83190   3.84629   3.85228

                  Uij (A^2)
   4.19418178E-02   1.99868911E-04  -7.43905781E-03
   1.99868911E-04   2.16934141E-02  -8.20271787E-04
  -7.43905781E-03  -8.20271787E-04   2.58831121E-02


 Atom reference number=63
      X         Y        Z          Average Cartesian coordinates (A) 
   7.69896   7.70109   0.00346

                  Uij (A^2)
   2.45987698E-02   1.96305322E-04  -6.73448108E-03
   1.96305322E-04   2.23666057E-02  -2.75529618E-03
  -6.73448108E-03  -2.75529618E-03   2.49782223E-02


 Atom reference number=64
      X         Y        Z          Average Cartesian coordinates (A) 
   2.56533   2.57710   5.13391

                  Uij (A^2)
   3.42592262E-02  -4.29836055E-03  -7.11997785E-03
  -4.29836055E-03   3.54624763E-02  -5.72823628E-04
  -7.11997785E-03  -5.72823628E-04   4.13372032E-02


 Atom reference number=65
      X         Y        Z          Average Cartesian coordinates (A) 
   2.56361   2.57048   0.00605

                  Uij (A^2)
   2.35809181E-02   2.85029016E-03  -6.86119823E-03
   2.85029016E-03   2.33282335E-02  -2.57075857E-03
  -6.86119823E-03  -2.57075857E-03   2.66066566E-02


 Atom reference number=66
      X         Y        Z          Average Cartesian coordinates (A) 
   7.71058   7.68597   5.12639

                  Uij (A^2)
   3.12520564E-02  -6.13076147E-03  -5.74041018E-03
  -6.13076147E-03   3.46260332E-02   2.38655577E-03
  -5.74041018E-03   2.38655577E-03   4.02442366E-02


 Atom reference number=67
      X         Y        Z          Average Cartesian coordinates (A) 
   9.39742   1.28335   1.28286

                  Uij (A^2)
   4.23128754E-02  -1.03364501E-03  -6.71703648E-03
  -1.03364501E-03   2.28861868E-02  -2.77656061E-03
  -6.71703648E-03  -2.77656061E-03   2.58001238E-02


 Atom reference number=68
      X         Y        Z          Average Cartesian coordinates (A) 
   2.56507  -0.00191   2.56688

                  Uij (A^2)
   2.27800384E-02  -1.72895635E-03  -4.93653817E-04
  -1.72895635E-03   2.63473466E-02  -9.50781396E-04
  -4.93653817E-04  -9.50781396E-04   2.81666387E-02


 Atom reference number=69
      X         Y        Z          Average Cartesian coordinates (A) 
   7.70677   5.14391   7.69918

                  Uij (A^2)
   2.43102591E-02   2.03849841E-03  -1.01067098E-02
   2.03849841E-03   2.94682626E-02  -3.07922193E-04
  -1.01067098E-02  -3.07922193E-04   4.34530228E-02


 Atom reference number=70
      X         Y        Z          Average Cartesian coordinates (A) 
   0.86440   8.98885   8.98828

                  Uij (A^2)
   3.90684791E-02  -2.72358186E-03  -5.73999994E-03
  -2.72358186E-03   2.06294134E-02  -4.19467594E-03
  -5.73999994E-03  -4.19467594E-03   2.91331094E-02


 Atom reference number=71
      X         Y        Z          Average Cartesian coordinates (A) 
   7.69868   0.00154   7.68962

                  Uij (A^2)
   2.08108593E-02  -1.22901099E-03  -2.11945502E-03
  -1.22901099E-03   2.13794708E-02  -1.97266252E-03
  -2.11945502E-03  -1.97266252E-03   2.14619096E-02


 Atom reference number=72
      X         Y        Z          Average Cartesian coordinates (A) 
   2.57310   5.13263   2.56115

                  Uij (A^2)
   3.42953242E-02   2.87902402E-03  -1.14008393E-02
   2.87902402E-03   3.30612585E-02  -7.09997374E-04
  -1.14008393E-02  -7.09997374E-04   4.12736684E-02


 Atom reference number=73
      X         Y        Z          Average Cartesian coordinates (A) 
   1.27492   1.29075   9.39596

                  Uij (A^2)
   1.88172366E-02  -5.72141907E-05  -5.80533221E-03
  -5.72141907E-05   2.04831976E-02  -3.02174175E-03
  -5.80533221E-03  -3.02174175E-03   4.77438457E-02


 Atom reference number=74
      X         Y        Z          Average Cartesian coordinates (A) 
   8.98948   8.98429   0.85686

                  Uij (A^2)
   2.22264975E-02  -1.02058495E-03  -8.21303297E-03
  -1.02058495E-03   2.10552122E-02  -7.50367835E-05
  -8.21303297E-03  -7.50367835E-05   4.34718728E-02


 Atom reference number=75
      X         Y        Z          Average Cartesian coordinates (A) 
   6.42426   6.41000   3.43899

                  Uij (A^2)
   2.40077358E-02   1.19412271E-03  -5.44005213E-03
   1.19412271E-03   2.41543502E-02  -3.31913913E-03
  -5.44005213E-03  -3.31913913E-03   5.17232232E-02


 Atom reference number=76
      X         Y        Z          Average Cartesian coordinates (A) 
   3.83766   3.84944   6.83997

                  Uij (A^2)
   2.52858307E-02   1.10334856E-03  -7.91240856E-03
   1.10334856E-03   2.20054667E-02  -5.63570717E-03
  -7.91240856E-03  -5.63570717E-03   5.47248051E-02


 Atom reference number=77
      X         Y        Z          Average Cartesian coordinates (A) 
   8.99240   0.87556   8.98502

                  Uij (A^2)
   2.42141727E-02   1.08879723E-03  -5.61134145E-03
   1.08879723E-03   4.41849567E-02  -3.37016187E-03
  -5.61134145E-03  -3.37016187E-03   2.69448813E-02


 Atom reference number=78
      X         Y        Z          Average Cartesian coordinates (A) 
   1.28546   9.40731   1.27967

                  Uij (A^2)
   1.93125512E-02   2.25338456E-03  -4.98809433E-03
   2.25338456E-03   4.29642685E-02  -2.75384937E-03
  -4.98809433E-03  -2.75384937E-03   2.62482017E-02


 Atom reference number=79
      X         Y        Z          Average Cartesian coordinates (A) 
   3.84889   6.82721   3.85366

                  Uij (A^2)
   2.44487356E-02   8.86385445E-04  -4.04475490E-03
   8.86385445E-04   3.69864404E-02  -2.20992882E-03
  -4.04475490E-03  -2.20992882E-03   2.79342569E-02


 Atom reference number=80
      X         Y        Z          Average Cartesian coordinates (A) 
   6.41498   3.42523   6.42082

                  Uij (A^2)
   2.14756317E-02   6.74476149E-04  -2.23994325E-03
   6.74476149E-04   4.27929088E-02  -3.42216156E-03
  -2.23994325E-03  -3.42216156E-03   2.46062819E-02


 Atom reference number=81
      X         Y        Z          Average Cartesian coordinates (A) 
   5.12510  -0.00432   5.13578

                  Uij (A^2)
   2.30323952E-02   1.45312818E-03   5.88991505E-04
   1.45312818E-03   2.46487409E-02   9.65810672E-04
   5.88991505E-04   9.65810672E-04   2.58513540E-02


 Atom reference number=82
      X         Y        Z          Average Cartesian coordinates (A) 
  -0.00021   5.13244  -0.00213

                  Uij (A^2)
   3.50559391E-02  -2.41987873E-03  -1.34388339E-02
  -2.41987873E-03   3.72333042E-02  -3.76002258E-03
  -1.34388339E-02  -3.76002258E-03   4.99540865E-02


 Atom reference number=83
      X         Y        Z          Average Cartesian coordinates (A) 
   0.00363   7.70484   7.69812

                  Uij (A^2)
   2.27637067E-02  -1.17390254E-03  -4.96605085E-03
  -1.17390254E-03   2.20256988E-02  -4.75546054E-04
  -4.96605085E-03  -4.75546054E-04   3.03888805E-02


 Atom reference number=84
      X         Y        Z          Average Cartesian coordinates (A) 
   5.13811   2.56628   2.57052

                  Uij (A^2)
   3.06903310E-02   3.80666065E-03  -4.28448012E-03
   3.80666065E-03   3.23807821E-02  -3.69065115E-03
  -4.28448012E-03  -3.69065115E-03   4.47107479E-02


 Atom reference number=85
      X         Y        Z          Average Cartesian coordinates (A) 
  -0.00134   2.57196   2.57674

                  Uij (A^2)
   2.07716133E-02  -2.20194343E-03  -4.17301571E-03
  -2.20194343E-03   2.26428490E-02  -5.11910068E-04
  -4.17301571E-03  -5.11910068E-04   2.75520198E-02


 Atom reference number=86
      X         Y        Z          Average Cartesian coordinates (A) 
   5.12885   7.70082   7.69608

                  Uij (A^2)
   3.36101167E-02   3.00653791E-03  -4.96001448E-03
   3.00653791E-03   2.82778442E-02  -6.06878893E-03
  -4.96001448E-03  -6.06878893E-03   4.27579433E-02


 Atom reference number=87
      X         Y        Z          Average Cartesian coordinates (A) 
   5.13597   5.12930   0.00842

                  Uij (A^2)
   2.27148123E-02   3.48245446E-03  -4.68556391E-04
   3.48245446E-03   2.15483475E-02   1.12396944E-03
  -4.68556391E-04   1.12396944E-03   2.17955969E-02


 Atom reference number=88
      X         Y        Z          Average Cartesian coordinates (A) 
  -0.00720  -0.00460   5.14296

                  Uij (A^2)
   3.59287821E-02  -3.72203114E-03  -1.31245814E-02
  -3.72203114E-03   3.15107778E-02  -4.36345302E-03
  -1.31245814E-02  -4.36345302E-03   5.20738438E-02

