 atom reference_number  X_aver(frac)   Y_aver(frac)   Z_aver(frac)
         1             0.3765552      0.3756476      0.3749475
         2             0.3344660      0.1252645      0.1251301
         3            -0.0003719      0.0015952      0.0000554
         4             0.4999906      0.4981966      0.5015075
         5             0.6254961      0.6247285      0.6259697
         6             0.6644746      0.8760153      0.8752266
         7             0.3746079      0.8754479      0.8748404
         8             0.4143517      0.1247417      0.6244942
         9             0.7504175      0.2497082      0.4998230
        10             0.2497597      0.7504703      0.0006791
        11             0.6248457      0.1245930      0.1252540
        12             0.5848330      0.8733700      0.3761055
        13             0.2508452      0.7493157      0.4997932
        14             0.7504902      0.2512830      0.0001854
        15             0.8750037      0.8748599      0.3749916
        16             0.9154327      0.6247248      0.6242698
        17             0.2500487      0.4996308      0.7496752
        18             0.7491572     -0.0006118      0.2497740
        19             0.1244707      0.1250438      0.6250267
        20             0.0848618      0.3749630      0.3752374
        21             0.7495367      0.4995032      0.2497315
        22             0.2495333      0.0003312      0.7497560
        23             0.8746686      0.3760676      0.8746885
        24             0.8345635      0.6244748      0.1251420
        25             0.4997502      0.7494747      0.2501905
        26            -0.0001890      0.2506979      0.7494860
        27             0.1249327      0.6248976      0.1261382
        28             0.1649171      0.3756510      0.8747346
        29             0.4993626      0.2504828      0.7510785
        30            -0.0001936      0.7501807      0.2506594
        31             0.1248721      0.3347988      0.1246854
        32             0.8755056      0.6664766      0.8745710
        33             0.6254330      0.4154212      0.1250915
        34             0.3752452      0.5852779      0.8751725
        35             0.6248882      0.9143456      0.6250605
        36             0.3752417      0.0854772      0.3755347
        37             0.1243016      0.8354765      0.6249361
        38             0.8751692      0.1653138      0.3756217
        39             0.1260761      0.1257172      0.3356302
        40             0.8747440      0.8746093      0.6657044
        41             0.1245915      0.6243853      0.4150575
        42             0.8756990      0.3752973      0.5853002
        43             0.6248380      0.6250835      0.9145063
        44             0.3757102      0.3753116      0.0847761
        45             0.6254218      0.1258428      0.8345736
        46             0.3740750      0.8747214      0.1653444
        47             0.8756487      0.5851629      0.3754815
        48             0.1251269      0.4148200      0.6251167
        49             0.3749861      0.1658078      0.8753542
        50             0.6246034      0.8338579      0.1260878
        51             0.1656980      0.8749374      0.3753079
        52             0.8350584      0.1253286      0.6255720
        53             0.5864176      0.3764891      0.8751598
        54             0.4153906      0.6254315      0.1243074
        55             0.8749431      0.3749177      0.1659416
        56             0.1260785      0.6264734      0.8352797
        57             0.3744063      0.8750969      0.5844705
        58             0.6245427      0.1249743      0.4158210
        59             0.3358810      0.6254818      0.6253679
        60             0.0000565      0.5004692      0.5000512
        61             0.4999984      0.0008972      0.0005198
        62             0.6654579      0.3746461      0.3752293
        63             0.7499127      0.7501202      0.0003369
        64             0.2498748      0.2510209      0.5000657
        65             0.2497066      0.2503763      0.0005892
        66             0.7510454      0.7486478      0.4993330
        67             0.9153502      0.1250035      0.1249563
        68             0.2498489     -0.0001860      0.2500262
        69             0.7506733      0.5010394      0.7499345
        70             0.0841963      0.8755536      0.8754987
        71             0.7498862      0.0001500      0.7490037
        72             0.2506314      0.4999406      0.2494670
        73             0.1241826      0.1257249      0.9152086
        74             0.8756152      0.8751098      0.0834619
        75             0.6257519      0.6243630      0.3349724
        76             0.3738055      0.3749526      0.6662437
        77             0.8758995      0.0852832      0.8751814
        78             0.1252099      0.9163137      0.1246458
        79             0.3748986      0.6650003      0.3753641
        80             0.6248473      0.3336328      0.6254163
        81             0.4992081     -0.0004213      0.5002475
        82            -0.0000205      0.4999224     -0.0002077
        83             0.0003537      0.7504854      0.7498314
        84             0.5004753      0.2499671      0.2503806
        85            -0.0001305      0.2505205      0.2509856
        86             0.4995731      0.7500940      0.7496328
        87             0.5002662      0.4996162      0.0008202
        88            -0.0007009     -0.0004485      0.5009473

 Atom reference number= 1
      X         Y        Z          Average Cartesian coordinates (A) 
   3.86589   3.85657   3.84939

                  Uij (A^2)
   2.28462052E-02   5.13921259E-04  -7.30326865E-03
   5.13921259E-04   2.26175673E-02  -4.26355330E-03
  -7.30326865E-03  -4.26355330E-03   3.02700363E-02


 Atom reference number= 2
      X         Y        Z          Average Cartesian coordinates (A) 
   3.43379   1.28602   1.28464

                  Uij (A^2)
   4.35612388E-02  -4.89457743E-04  -9.38330963E-03
  -4.89457743E-04   2.41049789E-02  -2.60705128E-03
  -9.38330963E-03  -2.60705128E-03   3.31002325E-02


 Atom reference number= 3
      X         Y        Z          Average Cartesian coordinates (A) 
  -0.00382   0.01638   0.00057

                  Uij (A^2)
   2.53388509E-02   3.12210177E-03  -1.05479325E-03
   3.12210177E-03   2.62243692E-02   2.91519403E-03
  -1.05479325E-03   2.91519403E-03   2.40988731E-02


 Atom reference number= 4
      X         Y        Z          Average Cartesian coordinates (A) 
   5.13314   5.11472   5.14871

                  Uij (A^2)
   2.94158515E-02   3.69750836E-04  -1.16274748E-02
   3.69750836E-04   3.08139287E-02  -4.43991041E-03
  -1.16274748E-02  -4.43991041E-03   4.97562289E-02


 Atom reference number= 5
      X         Y        Z          Average Cartesian coordinates (A) 
   6.42164   6.41376   6.42650

                  Uij (A^2)
   2.37912275E-02   3.76647525E-03  -7.34668458E-03
   3.76647525E-03   2.66612936E-02  -4.33789240E-03
  -7.34668458E-03  -4.33789240E-03   3.31724733E-02


 Atom reference number= 6
      X         Y        Z          Average Cartesian coordinates (A) 
   6.82181   8.99358   8.98549

                  Uij (A^2)
   3.87047864E-02   1.10678095E-03  -6.73330948E-03
   1.10678095E-03   2.28631180E-02   1.14058683E-04
  -6.73330948E-03   1.14058683E-04   2.98765972E-02


 Atom reference number= 7
      X         Y        Z          Average Cartesian coordinates (A) 
   3.84590   8.98776   8.98152

                  Uij (A^2)
   2.34503616E-02   2.61862553E-03  -6.55227946E-03
   2.61862553E-03   2.73067467E-02  -4.13708761E-03
  -6.55227946E-03  -4.13708761E-03   3.06928214E-02


 Atom reference number= 8
      X         Y        Z          Average Cartesian coordinates (A) 
   4.25393   1.28066   6.41135

                  Uij (A^2)
   3.26491445E-02   8.51407181E-04  -6.55467762E-03
   8.51407181E-04   2.45313365E-02  -3.72851477E-03
  -6.55467762E-03  -3.72851477E-03   2.40343865E-02


 Atom reference number= 9
      X         Y        Z          Average Cartesian coordinates (A) 
   7.70414   2.56362   5.13142

                  Uij (A^2)
   2.53469478E-02   2.46546371E-03  -5.67287160E-03
   2.46546371E-03   2.68086512E-02  -5.00275986E-03
  -5.67287160E-03  -5.00275986E-03   2.96699405E-02


 Atom reference number=10
      X         Y        Z          Average Cartesian coordinates (A) 
   2.56415   7.70468   0.00697

                  Uij (A^2)
   3.44946869E-02  -4.17632330E-03  -3.31821432E-03
  -4.17632330E-03   3.13266292E-02  -1.25047110E-03
  -3.31821432E-03  -1.25047110E-03   4.27639633E-02


 Atom reference number=11
      X         Y        Z          Average Cartesian coordinates (A) 
   6.41496   1.27913   1.28592

                  Uij (A^2)
   2.45042630E-02  -6.57918572E-04  -8.44201539E-03
  -6.57918572E-04   2.60368474E-02  -2.25343183E-03
  -8.44201539E-03  -2.25343183E-03   3.38302851E-02


 Atom reference number=12
      X         Y        Z          Average Cartesian coordinates (A) 
   6.00417   8.96643   3.86128

                  Uij (A^2)
   4.10486497E-02   3.71737452E-03  -6.67920243E-03
   3.71737452E-03   2.43705567E-02  -2.32349872E-03
  -6.67920243E-03  -2.32349872E-03   3.21725085E-02


 Atom reference number=13
      X         Y        Z          Average Cartesian coordinates (A) 
   2.57529   7.69283   5.13111

                  Uij (A^2)
   2.22592093E-02   2.85777124E-03  -5.89255989E-03
   2.85777124E-03   2.31120344E-02  -2.35895091E-03
  -5.89255989E-03  -2.35895091E-03   2.67404784E-02


 Atom reference number=14
      X         Y        Z          Average Cartesian coordinates (A) 
   7.70489   2.57979   0.00190

                  Uij (A^2)
   3.28552462E-02  -3.04765021E-03  -2.33643595E-03
  -3.04765021E-03   3.38355638E-02  -1.03587739E-03
  -2.33643595E-03  -1.03587739E-03   4.51920591E-02


 Atom reference number=15
      X         Y        Z          Average Cartesian coordinates (A) 
   8.98320   8.98172   3.84984

                  Uij (A^2)
   2.50250157E-02   1.21291040E-03  -5.51620545E-03
   1.21291040E-03   2.35996488E-02  -3.56989517E-03
  -5.51620545E-03  -3.56989517E-03   3.41779068E-02


 Atom reference number=16
      X         Y        Z          Average Cartesian coordinates (A) 
   9.39826   6.41372   6.40905

                  Uij (A^2)
   3.95379215E-02   1.04060781E-03  -4.73399321E-03
   1.04060781E-03   2.43105516E-02  -1.16219290E-03
  -4.73399321E-03  -1.16219290E-03   2.53821127E-02


 Atom reference number=17
      X         Y        Z          Average Cartesian coordinates (A) 
   2.56712   5.12945   7.69652

                  Uij (A^2)
   2.29233969E-02  -1.84539251E-03  -8.70232645E-04
  -1.84539251E-03   2.59659290E-02  -2.93561118E-03
  -8.70232645E-04  -2.93561118E-03   2.91387755E-02


 Atom reference number=18
      X         Y        Z          Average Cartesian coordinates (A) 
   7.69120  -0.00628   2.56430

                  Uij (A^2)
   3.18723023E-02   2.80467863E-03  -1.01059694E-02
   2.80467863E-03   3.15698497E-02   1.33389665E-03
  -1.01059694E-02   1.33389665E-03   4.31237109E-02


 Atom reference number=19
      X         Y        Z          Average Cartesian coordinates (A) 
   1.27787   1.28376   6.41682

                  Uij (A^2)
   2.57761981E-02  -4.03871498E-04  -7.31260609E-03
  -4.03871498E-04   2.36892533E-02  -3.49478563E-03
  -7.31260609E-03  -3.49478563E-03   3.36889066E-02


 Atom reference number=20
      X         Y        Z          Average Cartesian coordinates (A) 
   0.87123   3.84955   3.85236

                  Uij (A^2)
   4.35374454E-02   4.58828086E-04  -4.89662727E-03
   4.58828086E-04   2.14446541E-02  -4.11948422E-03
  -4.89662727E-03  -4.11948422E-03   2.82832086E-02


 Atom reference number=21
      X         Y        Z          Average Cartesian coordinates (A) 
   7.69510   5.12813   2.56386

                  Uij (A^2)
   2.17621811E-02  -2.95169605E-03  -1.39679376E-03
  -2.95169605E-03   2.57765092E-02  -3.27810179E-03
  -1.39679376E-03  -3.27810179E-03   2.32251938E-02


 Atom reference number=22
      X         Y        Z          Average Cartesian coordinates (A) 
   2.56183   0.00340   7.69735

                  Uij (A^2)
   2.79563535E-02   3.16608674E-03  -1.18674599E-02
   3.16608674E-03   3.44603024E-02   4.45195357E-04
  -1.18674599E-02   4.45195357E-04   4.43982780E-02


 Atom reference number=23
      X         Y        Z          Average Cartesian coordinates (A) 
   8.97976   3.86089   8.97996

                  Uij (A^2)
   2.19933707E-02   1.66112639E-03  -5.37377549E-03
   1.66112639E-03   2.59648114E-02  -1.95473712E-03
  -5.37377549E-03  -1.95473712E-03   2.94985231E-02


 Atom reference number=24
      X         Y        Z          Average Cartesian coordinates (A) 
   8.56802   6.41115   1.28477

                  Uij (A^2)
   4.44297679E-02   2.37099105E-03  -1.03191705E-02
   2.37099105E-03   2.24102624E-02  -6.20661711E-04
  -1.03191705E-02  -6.20661711E-04   3.05889696E-02


 Atom reference number=25
      X         Y        Z          Average Cartesian coordinates (A) 
   5.13067   7.69446   2.56857

                  Uij (A^2)
   2.57918146E-02  -1.04399736E-03  -4.95511480E-03
  -1.04399736E-03   2.89328191E-02   2.11762288E-03
  -4.95511480E-03   2.11762288E-03   2.54976060E-02


 Atom reference number=26
      X         Y        Z          Average Cartesian coordinates (A) 
  -0.00194   2.57378   7.69458

                  Uij (A^2)
   2.99929902E-02   3.31987161E-03  -5.67043759E-03
   3.31987161E-03   2.89693568E-02  -3.65636055E-03
  -5.67043759E-03  -3.65636055E-03   4.57562283E-02


 Atom reference number=27
      X         Y        Z          Average Cartesian coordinates (A) 
   1.28262   6.41549   1.29499

                  Uij (A^2)
   2.40897629E-02   1.20421639E-03  -5.90259116E-03
   1.20421639E-03   2.51243357E-02  -1.39564672E-03
  -5.90259116E-03  -1.39564672E-03   2.91450713E-02


 Atom reference number=28
      X         Y        Z          Average Cartesian coordinates (A) 
   1.69312   3.85661   8.98044

                  Uij (A^2)
   3.90911177E-02   2.16882807E-04  -5.67023223E-03
   2.16882807E-04   2.19168812E-02  -8.17527005E-04
  -5.67023223E-03  -8.17527005E-04   2.45398153E-02


 Atom reference number=29
      X         Y        Z          Average Cartesian coordinates (A) 
   5.12669   2.57157   7.71093

                  Uij (A^2)
   2.48361044E-02  -2.78221630E-03  -3.85560980E-03
  -2.78221630E-03   2.24788710E-02   2.45580496E-03
  -3.85560980E-03   2.45580496E-03   2.84689311E-02


 Atom reference number=30
      X         Y        Z          Average Cartesian coordinates (A) 
  -0.00199   7.70171   2.57339

                  Uij (A^2)
   2.84904372E-02   2.80622719E-03  -7.06864893E-03
   2.80622719E-03   3.01887132E-02  -6.84457598E-03
  -7.06864893E-03  -6.84457598E-03   4.35006730E-02


 Atom reference number=31
      X         Y        Z          Average Cartesian coordinates (A) 
   1.28200   3.43720   1.28008

                  Uij (A^2)
   2.19572186E-02   1.40658428E-03  -5.30728884E-03
   1.40658428E-03   3.85322683E-02  -1.49558578E-03
  -5.30728884E-03  -1.49558578E-03   2.66885106E-02


 Atom reference number=32
      X         Y        Z          Average Cartesian coordinates (A) 
   8.98835   6.84236   8.97876

                  Uij (A^2)
   1.98130514E-02   1.68952113E-03  -4.14394401E-03
   1.68952113E-03   4.23058011E-02  -1.62471575E-03
  -4.14394401E-03  -1.62471575E-03   2.89127249E-02


 Atom reference number=33
      X         Y        Z          Average Cartesian coordinates (A) 
   6.42099   4.26491   1.28425

                  Uij (A^2)
   1.98388696E-02  -7.36102113E-04  -6.37074327E-03
  -7.36102113E-04   4.03598696E-02  -1.90711126E-03
  -6.37074327E-03  -1.90711126E-03   2.77113412E-02


 Atom reference number=34
      X         Y        Z          Average Cartesian coordinates (A) 
   3.85244   6.00874   8.98493

                  Uij (A^2)
   1.91507898E-02  -1.66532781E-03  -7.01617124E-03
  -1.66532781E-03   4.07745466E-02  -1.62786688E-03
  -7.01617124E-03  -1.62786688E-03   2.89568733E-02


 Atom reference number=35
      X         Y        Z          Average Cartesian coordinates (A) 
   6.41540   9.38710   6.41716

                  Uij (A^2)
   2.28588060E-02  -2.06785131E-04  -5.17534185E-03
  -2.06785131E-04   3.88747565E-02  -1.31564145E-03
  -5.17534185E-03  -1.31564145E-03   2.60215085E-02


 Atom reference number=36
      X         Y        Z          Average Cartesian coordinates (A) 
   3.85241   0.87755   3.85542

                  Uij (A^2)
   2.37344541E-02  -2.37484206E-03  -6.44063065E-03
  -2.37484206E-03   3.73878740E-02  -2.84095481E-03
  -6.44063065E-03  -2.84095481E-03   2.87904311E-02


 Atom reference number=37
      X         Y        Z          Average Cartesian coordinates (A) 
   1.27614   8.57739   6.41589

                  Uij (A^2)
   2.29071807E-02   1.16017857E-03  -2.03689840E-03
   1.16017857E-03   4.12256047E-02  -3.62245855E-03
  -2.03689840E-03  -3.62245855E-03   2.77924612E-02


 Atom reference number=38
      X         Y        Z          Average Cartesian coordinates (A) 
   8.98490   1.69719   3.85631

                  Uij (A^2)
   2.31485311E-02  -1.35566236E-03  -2.87631201E-03
  -1.35566236E-03   3.92692573E-02  -4.50183812E-04
  -2.87631201E-03  -4.50183812E-04   3.08119766E-02


 Atom reference number=39
      X         Y        Z          Average Cartesian coordinates (A) 
   1.29436   1.29067   3.44574

                  Uij (A^2)
   2.46751681E-02   1.81992201E-03  -5.47355833E-03
   1.81992201E-03   2.38664877E-02  -4.25027963E-03
  -5.47355833E-03  -4.25027963E-03   5.07646576E-02


 Atom reference number=40
      X         Y        Z          Average Cartesian coordinates (A) 
   8.98053   8.97915   6.83443

                  Uij (A^2)
   2.61917748E-02   3.79957561E-03  -1.01318853E-02
   3.79957561E-03   2.22919863E-02  -3.03866598E-03
  -1.01318853E-02  -3.03866598E-03   5.19742221E-02


 Atom reference number=41
      X         Y        Z          Average Cartesian coordinates (A) 
   1.27911   6.41023   4.26118

                  Uij (A^2)
   2.12757792E-02   1.05076306E-03  -6.58931071E-03
   1.05076306E-03   2.29066629E-02  -5.25259320E-03
  -6.58931071E-03  -5.25259320E-03   4.61758375E-02


 Atom reference number=42
      X         Y        Z          Average Cartesian coordinates (A) 
   8.99034   3.85298   6.00897

                  Uij (A^2)
   2.21037026E-02  -9.27863293E-04  -4.65435535E-03
  -9.27863293E-04   1.92639250E-02  -1.27035833E-03
  -4.65435535E-03  -1.27035833E-03   4.14367653E-02


 Atom reference number=43
      X         Y        Z          Average Cartesian coordinates (A) 
   6.41488   6.41740   9.38875

                  Uij (A^2)
   2.08650324E-02   1.94182596E-03  -4.67412313E-03
   1.94182596E-03   2.27746218E-02  -2.26523727E-03
  -4.67412313E-03  -2.26523727E-03   4.47579734E-02


 Atom reference number=44
      X         Y        Z          Average Cartesian coordinates (A) 
   3.85722   3.85313   0.87035

                  Uij (A^2)
   2.27990933E-02   6.06805224E-05  -8.37749336E-03
   6.06805224E-05   2.08604559E-02  -3.69751011E-03
  -8.37749336E-03  -3.69751011E-03   4.86772135E-02


 Atom reference number=45
      X         Y        Z          Average Cartesian coordinates (A) 
   6.42087   1.29196   8.56812

                  Uij (A^2)
   2.52886228E-02   2.85282684E-03  -6.17330242E-03
   2.85282684E-03   2.26834472E-02  -4.02462808E-03
  -6.17330242E-03  -4.02462808E-03   5.33105470E-02


 Atom reference number=46
      X         Y        Z          Average Cartesian coordinates (A) 
   3.84043   8.98030   1.69750

                  Uij (A^2)
   2.38774177E-02   1.39447232E-03  -4.14301269E-03
   1.39447232E-03   2.43633799E-02  -3.72755527E-03
  -4.14301269E-03  -3.72755527E-03   5.10951281E-02


 Atom reference number=47
      X         Y        Z          Average Cartesian coordinates (A) 
   8.98982   6.00756   3.85487

                  Uij (A^2)
   2.12496221E-02   3.21771950E-05  -8.09048675E-03
   3.21771950E-05   4.07410860E-02  -2.33592885E-03
  -8.09048675E-03  -2.33592885E-03   2.76384111E-02


 Atom reference number=48
      X         Y        Z          Average Cartesian coordinates (A) 
   1.28461   4.25874   6.41774

                  Uij (A^2)
   2.06727944E-02   8.58810788E-04  -6.11804379E-03
   8.58810788E-04   3.71247008E-02  -1.82352308E-03
  -6.11804379E-03  -1.82352308E-03   2.75104530E-02


 Atom reference number=49
      X         Y        Z          Average Cartesian coordinates (A) 
   3.84978   1.70226   8.98680

                  Uij (A^2)
   2.19856966E-02   1.04406930E-03  -3.86625854E-03
   1.04406930E-03   4.27550748E-02  -1.63445063E-03
  -3.86625854E-03  -1.63445063E-03   2.95423660E-02


 Atom reference number=50
      X         Y        Z          Average Cartesian coordinates (A) 
   6.41247   8.56078   1.29448

                  Uij (A^2)
   2.33387593E-02  -1.72677843E-04  -3.95085523E-03
  -1.72677843E-04   4.37420830E-02  -3.76813626E-03
  -3.95085523E-03  -3.76813626E-03   2.68618744E-02


 Atom reference number=51
      X         Y        Z          Average Cartesian coordinates (A) 
   1.70113   8.98252   3.85309

                  Uij (A^2)
   3.80486883E-02  -1.33067451E-03  -4.62762313E-03
  -1.33067451E-03   1.98800992E-02   2.81580811E-04
  -4.62762313E-03   2.81580811E-04   2.54503079E-02


 Atom reference number=52
      X         Y        Z          Average Cartesian coordinates (A) 
   8.57310   1.28668   6.42242

                  Uij (A^2)
   4.09357138E-02   8.16302490E-04  -8.68210196E-03
   8.16302490E-04   2.22494658E-02  -1.71135738E-03
  -8.68210196E-03  -1.71135738E-03   3.15722264E-02


 Atom reference number=53
      X         Y        Z          Average Cartesian coordinates (A) 
   6.02044   3.86521   8.98480

                  Uij (A^2)
   3.67141291E-02   1.80254166E-03  -6.41904026E-03
   1.80254166E-03   2.43896060E-02  -3.32431542E-03
  -6.41904026E-03  -3.32431542E-03   3.14611495E-02


 Atom reference number=54
      X         Y        Z          Average Cartesian coordinates (A) 
   4.26460   6.42097   1.27620

                  Uij (A^2)
   3.69719267E-02   1.07311108E-03  -6.21963385E-03
   1.07311108E-03   2.28215512E-02  -3.71962925E-03
  -6.21963385E-03  -3.71962925E-03   2.75462270E-02


 Atom reference number=55
      X         Y        Z          Average Cartesian coordinates (A) 
   8.98258   3.84908   1.70363

                  Uij (A^2)
   2.39801984E-02   2.53009470E-03  -7.50591327E-03
   2.53009470E-03   2.10903287E-02  -7.34866480E-04
  -7.50591327E-03  -7.34866480E-04   5.09775467E-02


 Atom reference number=56
      X         Y        Z          Average Cartesian coordinates (A) 
   1.29438   6.43167   8.57537

                  Uij (A^2)
   2.28806976E-02   8.23528040E-04  -8.16564169E-03
   8.23528040E-04   1.87619831E-02  -5.46889659E-03
  -8.16564169E-03  -5.46889659E-03   5.09656556E-02


 Atom reference number=57
      X         Y        Z          Average Cartesian coordinates (A) 
   3.84383   8.98416   6.00045

                  Uij (A^2)
   2.40284931E-02  -1.06875994E-03  -5.02146222E-03
  -1.06875994E-03   2.02618558E-02   1.57811365E-03
  -5.02146222E-03   1.57811365E-03   4.45646755E-02


 Atom reference number=58
      X         Y        Z          Average Cartesian coordinates (A) 
   6.41185   1.28304   4.26901

                  Uij (A^2)
   2.11344659E-02  -2.21889408E-04  -3.62551399E-03
  -2.21889408E-04   2.09186040E-02  -4.11873497E-03
  -3.62551399E-03  -4.11873497E-03   4.60472368E-02


 Atom reference number=59
      X         Y        Z          Average Cartesian coordinates (A) 
   3.44831   6.42149   6.42032

                  Uij (A^2)
   4.15641107E-02   2.65009992E-04  -8.34412314E-03
   2.65009992E-04   2.22272333E-02   2.10193375E-05
  -8.34412314E-03   2.10193375E-05   2.78762095E-02


 Atom reference number=60
      X         Y        Z          Average Cartesian coordinates (A) 
   0.00058   5.13805   5.13376

                  Uij (A^2)
   2.24433746E-02   1.90457201E-03  -9.97534138E-04
   1.90457201E-03   2.59701964E-02  -1.32174129E-04
  -9.97534138E-04  -1.32174129E-04   2.33450048E-02


 Atom reference number=61
      X         Y        Z          Average Cartesian coordinates (A) 
   5.13322   0.00921   0.00534

                  Uij (A^2)
   3.35895047E-02  -2.24422803E-03  -9.93552525E-03
  -2.24422803E-03   3.50166671E-02  -4.27003345E-03
  -9.93552525E-03  -4.27003345E-03   4.06370685E-02


 Atom reference number=62
      X         Y        Z          Average Cartesian coordinates (A) 
   6.83190   3.84629   3.85228

                  Uij (A^2)
   4.19413857E-02   1.99401387E-04  -7.43893068E-03
   1.99401387E-04   2.16935705E-02  -8.20172834E-04
  -7.43893068E-03  -8.20172834E-04   2.58832183E-02


 Atom reference number=63
      X         Y        Z          Average Cartesian coordinates (A) 
   7.69896   7.70109   0.00346

                  Uij (A^2)
   2.45986562E-02   1.96639739E-04  -6.73454953E-03
   1.96639739E-04   2.23667081E-02  -2.75521027E-03
  -6.73454953E-03  -2.75521027E-03   2.49784328E-02


 Atom reference number=64
      X         Y        Z          Average Cartesian coordinates (A) 
   2.56533   2.57710   5.13391

                  Uij (A^2)
   3.42583284E-02  -4.29802062E-03  -7.12000625E-03
  -4.29802062E-03   3.54617946E-02  -5.72721648E-04
  -7.12000625E-03  -5.72721648E-04   4.13372442E-02


 Atom reference number=65
      X         Y        Z          Average Cartesian coordinates (A) 
   2.56361   2.57048   0.00605

                  Uij (A^2)
   2.35812403E-02   2.85019004E-03  -6.86135795E-03
   2.85019004E-03   2.33281627E-02  -2.57078512E-03
  -6.86135795E-03  -2.57078512E-03   2.66066324E-02


 Atom reference number=66
      X         Y        Z          Average Cartesian coordinates (A) 
   7.71059   7.68597   5.12639

                  Uij (A^2)
   3.12523432E-02  -6.13105251E-03  -5.74029423E-03
  -6.13105251E-03   3.46266441E-02   2.38680001E-03
  -5.74029423E-03   2.38680001E-03   4.02438529E-02


 Atom reference number=67
      X         Y        Z          Average Cartesian coordinates (A) 
   9.39742   1.28334   1.28286

                  Uij (A^2)
   4.23130132E-02  -1.03381614E-03  -6.71681203E-03
  -1.03381614E-03   2.28865780E-02  -2.77674827E-03
  -6.71681203E-03  -2.77674827E-03   2.57997401E-02


 Atom reference number=68
      X         Y        Z          Average Cartesian coordinates (A) 
   2.56507  -0.00191   2.56689

                  Uij (A^2)
   2.27797870E-02  -1.72908185E-03  -4.93530591E-04
  -1.72908185E-03   2.63470318E-02  -9.50629183E-04
  -4.93530591E-04  -9.50629183E-04   2.81667374E-02


 Atom reference number=69
      X         Y        Z          Average Cartesian coordinates (A) 
   7.70676   5.14391   7.69918

                  Uij (A^2)
   2.43104212E-02   2.03850213E-03  -1.01068038E-02
   2.03850213E-03   2.94683315E-02  -3.07801645E-04
  -1.01068038E-02  -3.07801645E-04   4.34537567E-02


 Atom reference number=70
      X         Y        Z          Average Cartesian coordinates (A) 
   0.86440   8.98884   8.98828

                  Uij (A^2)
   3.90685201E-02  -2.72379187E-03  -5.74021228E-03
  -2.72379187E-03   2.06298120E-02  -4.19450272E-03
  -5.74021228E-03  -4.19450272E-03   2.91322917E-02


 Atom reference number=71
      X         Y        Z          Average Cartesian coordinates (A) 
   7.69868   0.00154   7.68962

                  Uij (A^2)
   2.08104178E-02  -1.22870831E-03  -2.11949530E-03
  -1.22870831E-03   2.13791989E-02  -1.97272422E-03
  -2.11949530E-03  -1.97272422E-03   2.14621127E-02


 Atom reference number=72
      X         Y        Z          Average Cartesian coordinates (A) 
   2.57310   5.13263   2.56115

                  Uij (A^2)
   3.42958048E-02   2.87948595E-03  -1.14008905E-02
   2.87948595E-03   3.30612846E-02  -7.10117514E-04
  -1.14008905E-02  -7.10117514E-04   4.12730575E-02


 Atom reference number=73
      X         Y        Z          Average Cartesian coordinates (A) 
   1.27492   1.29075   9.39596

                  Uij (A^2)
   1.88176744E-02  -5.72311037E-05  -5.80527913E-03
  -5.72311037E-05   2.04829089E-02  -3.02190147E-03
  -5.80527913E-03  -3.02190147E-03   4.77439277E-02


 Atom reference number=74
      X         Y        Z          Average Cartesian coordinates (A) 
   8.98948   8.98429   0.85686

                  Uij (A^2)
   2.22265255E-02  -1.02055795E-03  -8.21292587E-03
  -1.02055795E-03   2.10548863E-02  -7.47634476E-05
  -8.21292587E-03  -7.47634476E-05   4.34718467E-02


 Atom reference number=75
      X         Y        Z          Average Cartesian coordinates (A) 
   6.42426   6.41000   3.43898

                  Uij (A^2)
   2.40082312E-02   1.19364145E-03  -5.44012198E-03
   1.19364145E-03   2.41544154E-02  -3.31942085E-03
  -5.44012198E-03  -3.31942085E-03   5.17232455E-02


 Atom reference number=76
      X         Y        Z          Average Cartesian coordinates (A) 
   3.83766   3.84944   6.83997

                  Uij (A^2)
   2.52857227E-02   1.10339455E-03  -7.91240204E-03
   1.10339455E-03   2.20056474E-02  -5.63587481E-03
  -7.91240204E-03  -5.63587481E-03   5.47245145E-02


 Atom reference number=77
      X         Y        Z          Average Cartesian coordinates (A) 
   8.99240   0.87556   8.98502

                  Uij (A^2)
   2.42145713E-02   1.08892296E-03  -5.61133958E-03
   1.08892296E-03   4.41851653E-02  -3.37010971E-03
  -5.61133958E-03  -3.37010971E-03   2.69449167E-02


 Atom reference number=78
      X         Y        Z          Average Cartesian coordinates (A) 
   1.28546   9.40731   1.27967

                  Uij (A^2)
   1.93123501E-02   2.25345674E-03  -4.98787547E-03
   2.25345674E-03   4.29642126E-02  -2.75395950E-03
  -4.98787547E-03  -2.75395950E-03   2.62481067E-02


 Atom reference number=79
      X         Y        Z          Average Cartesian coordinates (A) 
   3.84889   6.82721   3.85366

                  Uij (A^2)
   2.44486015E-02   8.86045629E-04  -4.04470041E-03
   8.86045629E-04   3.69859561E-02  -2.21005897E-03
  -4.04470041E-03  -2.21005897E-03   2.79342365E-02


 Atom reference number=80
      X         Y        Z          Average Cartesian coordinates (A) 
   6.41498   3.42523   6.42082

                  Uij (A^2)
   2.14757361E-02   6.75098505E-04  -2.23957677E-03
   6.75098505E-04   4.27924804E-02  -3.42199090E-03
  -2.23957677E-03  -3.42199090E-03   2.46059708E-02


 Atom reference number=81
      X         Y        Z          Average Cartesian coordinates (A) 
   5.12510  -0.00432   5.13578

                  Uij (A^2)
   2.30327472E-02   1.45308860E-03   5.89034345E-04
   1.45308860E-03   2.46487502E-02   9.65335057E-04
   5.89034345E-04   9.65335057E-04   2.58515012E-02


 Atom reference number=82
      X         Y        Z          Average Cartesian coordinates (A) 
  -0.00021   5.13244  -0.00213

                  Uij (A^2)
   3.50557230E-02  -2.41993042E-03  -1.34386439E-02
  -2.41993042E-03   3.72331887E-02  -3.76042468E-03
  -1.34386439E-02  -3.76042468E-03   4.99544255E-02


 Atom reference number=83
      X         Y        Z          Average Cartesian coordinates (A) 
   0.00363   7.70484   7.69812

                  Uij (A^2)
   2.27636565E-02  -1.17382011E-03  -4.96600289E-03
  -1.17382011E-03   2.20257174E-02  -4.75694047E-04
  -4.96600289E-03  -4.75694047E-04   3.03888042E-02


 Atom reference number=84
      X         Y        Z          Average Cartesian coordinates (A) 
   5.13811   2.56628   2.57053

                  Uij (A^2)
   3.06905955E-02   3.80703271E-03  -4.28427849E-03
   3.80703271E-03   3.23804468E-02  -3.69072123E-03
  -4.28427849E-03  -3.69072123E-03   4.47104238E-02


 Atom reference number=85
      X         Y        Z          Average Cartesian coordinates (A) 
  -0.00134   2.57196   2.57674

                  Uij (A^2)
   2.07719989E-02  -2.20209872E-03  -4.17324575E-03
  -2.20209872E-03   2.26432998E-02  -5.11897029E-04
  -4.17324575E-03  -5.11897029E-04   2.75514573E-02


 Atom reference number=86
      X         Y        Z          Average Cartesian coordinates (A) 
   5.12885   7.70082   7.69608

                  Uij (A^2)
   3.36101465E-02   3.00679635E-03  -4.96030552E-03
   3.00679635E-03   2.82781683E-02  -6.06879359E-03
  -4.96030552E-03  -6.06879359E-03   4.27582860E-02


 Atom reference number=87
      X         Y        Z          Average Cartesian coordinates (A) 
   5.13597   5.12929   0.00842

                  Uij (A^2)
   2.27150917E-02   3.48288240E-03  -4.68661834E-04
   3.48288240E-03   2.15488356E-02   1.12447713E-03
  -4.68661834E-04   1.12447713E-03   2.17955634E-02


 Atom reference number=88
      X         Y        Z          Average Cartesian coordinates (A) 
  -0.00720  -0.00460   5.14296

                  Uij (A^2)
   3.59285809E-02  -3.72200389E-03  -1.31241698E-02
  -3.72200389E-03   3.15102302E-02  -4.36337106E-03
  -1.31241698E-02  -4.36337106E-03   5.20736836E-02

